$topographyGrid
$topographyGrid$topographyGrid
               [,1]         [,2]         [,3]         [,4]         [,5]         [,6]         [,7]         [,8]         [,9]
  [1,]   -6.8583293   -6.1811371   -3.3701890   -2.0190520   -1.9233589   -2.4575603   -2.2407620   -1.3303235   -1.1318105
  [2,]   -6.0813494   -5.1842322   -2.7028713   -1.9608799   -1.3579708   -1.6240258   -1.3871348   -1.2106258   -0.9660509
              [,10]        [,11]        [,12]        [,13]        [,14]        [,15]        [,16]        [,17]        [,18]
  [1,]   -0.6208357   -0.4136163   -0.4020741   -0.4448629   -0.4817784   -0.5104167   -0.3593750   -0.2812500   -0.1250000
  [2,]   -0.7370892   -0.5438721   -0.4976513   -0.4610528   -0.5213630   -0.7598583   -0.7865086   -0.3906250   -0.2656250
              [,19]        [,20]        [,21]       [,22]       [,23]        [,24]        [,25]       [,26]        [,27]
  [1,]    0.0000000    0.0000000    0.0000000    0.000000    0.000000    0.0000000    0.0000000    0.000000    0.0000000
  [2,]   -0.1406250    0.0000000    0.0000000    0.000000    0.000000    0.0000000    0.0000000    0.000000    0.0000000
              [,28]        [,29]        [,30]        [,31]        [,32]        [,33]        [,34]        [,35]        [,36]
  [1,]    0.0000000    0.0000000    0.0000000    0.0000000    0.0000000    0.0000000    0.0000000    0.0000000    0.0000000
  [2,]    0.0000000    0.0000000    0.0000000    0.0000000    0.0000000    0.0000000    0.0000000    0.0000000    0.0000000
              [,37]        [,38]       [,39]        [,40]       [,41]        [,42]       [,43]        [,44]        [,45]
  [1,]    0.0000000    0.0000000    0.000000    0.0000000    0.000000    0.0000000    0.000000    0.0000000    0.0000000
  [2,]    0.0000000    0.0000000    0.000000    0.0000000    0.000000    0.0000000    0.000000    0.0000000    0.0000000
             [,46]       [,47]        [,48]       [,49]        [,50]        [,51]        [,52]        [,53]       [,54]
  [1,]    0.000000    0.000000    0.0000000    0.000000    0.0000000    0.0000000    0.0000000    0.0000000    0.000000
  [2,]    0.000000    0.000000    0.0000000    0.000000    0.0000000    0.0000000    0.0000000    0.0000000    0.000000
              [,55]      [,56]       [,57]      [,58]       [,59]      [,60]       [,61]      [,62]       [,63]       [,64]
  [1,]    0.0000000    0.00000    0.000000    0.00000    0.000000    0.00000    0.000000    0.00000    0.000000    0.000000
  [2,]    0.0000000    0.00000    0.000000    0.00000    0.000000    0.00000    0.000000    0.00000    0.000000    0.000000
             [,65]       [,66]       [,67]       [,68]       [,69]        [,70]       [,71]       [,72]       [,73]
  [1,]    0.000000    0.000000    0.000000    0.000000    0.000000    0.0000000    0.000000    0.000000    0.000000
  [2,]    0.000000    0.000000    0.000000    0.000000    0.000000    0.0000000    0.000000    0.000000    0.000000
             [,74]       [,75]      [,76]      [,77]       [,78]       [,79]       [,80]       [,81]        [,82]
  [1,]    0.000000    0.000000    0.00000    0.00000    0.000000    0.000000    0.000000    0.000000    0.0000000
  [2,]    0.000000    0.000000    0.00000    0.00000    0.000000    0.000000    0.000000    0.000000    0.0000000
             [,83]       [,84]        [,85]        [,86]        [,87]        [,88]        [,89]       [,90]        [,91]
  [1,]    0.000000    0.000000    0.0000000    0.0000000    0.0000000    0.0000000    0.0000000    0.000000    0.0000000
  [2,]    0.000000    0.000000    0.0000000    0.0000000    0.0000000    0.0000000    0.0000000    0.000000    0.0000000
             [,92]       [,93]        [,94]        [,95]        [,96]        [,97]        [,98]        [,99]      [,100]
  [1,]    0.000000    0.000000    0.0000000    0.0000000    0.0000000    0.0000000    0.0000000    0.0000000    0.000000
  [2,]    0.000000    0.000000    0.0000000    0.0000000    0.0000000    0.0000000    0.0000000    0.0000000    0.000000
             [,101]       [,102]       [,103]       [,104]       [,105]       [,106]       [,107]      [,108]       [,109]
  [1,]    0.0000000    0.0000000    0.0000000    0.0000000    0.0000000    0.0000000    0.0000000    0.000000    0.0000000
  [2,]    0.0000000    0.0000000    0.0000000    0.0000000    0.0000000    0.0000000    0.0000000    0.000000    0.0000000
             [,110]       [,111]       [,112]      [,113]      [,114]      [,115]      [,116]       [,117]      [,118]
  [1,]    0.0000000    0.0000000    0.0000000    0.000000    0.000000    0.000000    0.000000    0.0000000    0.000000
  [2,]    0.0000000    0.0000000    0.0000000    0.000000    0.000000    0.000000    0.000000    0.0000000    0.000000
            [,119]       [,120]      [,121]      [,122]      [,123]      [,124]      [,125]      [,126]       [,127]
  [1,]    0.000000    0.0000000    0.000000    0.000000    0.000000    0.000000    0.000000    0.000000    0.0000000
  [2,]    0.000000    0.0000000    0.000000    0.000000    0.000000    0.000000    0.000000    0.000000    0.0000000
            [,128]      [,129]      [,130]      [,131]      [,132]       [,133]      [,134]       [,135]      [,136]
  [1,]    0.000000    0.000000    0.000000    0.000000    0.000000    0.0000000    0.000000    0.0000000    0.000000
  [2,]    0.000000    0.000000    0.000000    0.000000    0.000000    0.0000000    0.000000    0.0000000    0.000000
             [,137]      [,138]      [,139]      [,140]      [,141]      [,142]      [,143]       [,144]       [,145]
  [1,]    0.0000000    0.000000    0.000000    0.000000    0.000000    0.000000    0.000000    0.0000000    0.0000000
  [2,]    0.0000000    0.000000    0.000000    0.000000    0.000000    0.000000    0.000000    0.0000000    0.0000000
            [,146]       [,147]      [,148]      [,149]      [,150]      [,151]      [,152]      [,153]       [,154]
  [1,]    0.000000    0.0000000    0.000000    0.000000    0.000000    0.000000    0.000000    0.000000    0.0000000
  [2,]    0.000000    0.0000000    0.000000    0.000000    0.000000    0.000000    0.000000    0.000000    0.0000000
            [,155]      [,156]      [,157]       [,158]      [,159]       [,160]      [,161]       [,162]      [,163]
  [1,]    0.000000    0.000000    0.000000    0.0000000    0.000000    0.0000000    0.000000    0.0000000    0.000000
  [2,]    0.000000    0.000000    0.000000    0.0000000    0.000000    0.0000000    0.000000    0.0000000    0.000000
             [,164]      [,165]      [,166]       [,167]       [,168]      [,169]       [,170]       [,171]      [,172]
  [1,]    0.0000000    0.000000    0.000000    0.0000000    0.0000000    0.000000    0.0000000    0.0000000    0.000000
  [2,]    0.0000000    0.000000    0.000000    0.0000000    0.0000000    0.000000    0.0000000    0.0000000    0.000000
            [,173]      [,174]      [,175]       [,176]      [,177]      [,178]      [,179]      [,180]       [,181]
  [1,]    0.000000    0.000000    0.000000    0.0000000    0.000000    0.000000    0.000000    0.000000    0.0000000
  [2,]    0.000000    0.000000    0.000000    0.0000000    0.000000    0.000000    0.000000    0.000000    0.0000000
             [,182]      [,183]       [,184]      [,185]      [,186]      [,187]       [,188]      [,189]      [,190]
  [1,]    0.0000000    0.000000    0.0000000    0.000000    0.000000    0.000000    0.0000000    0.000000    0.000000
  [2,]    0.0000000    0.000000    0.0000000    0.000000    0.000000    0.000000    0.0000000    0.000000    0.000000
            [,191]       [,192]      [,193]       [,194]       [,195]       [,196]      [,197]       [,198]       [,199]
  [1,]    0.000000    0.0000000    0.000000    0.0000000    0.0000000    0.0000000    0.000000    0.0000000    0.0000000
  [2,]    0.000000    0.0000000    0.000000    0.0000000    0.0000000    0.0000000    0.000000    0.0000000    0.0000000
            [,200]       [,201]      [,202]       [,203]      [,204]       [,205]       [,206]      [,207]       [,208]
  [1,]    0.000000    0.0000000    0.000000    0.0000000    0.000000    0.0000000    0.0000000    0.000000    0.0000000
  [2,]    0.000000    0.0000000    0.000000    0.0000000    0.000000    0.0000000    0.0000000    0.000000    0.0000000
             [,209]       [,210]      [,211]       [,212]       [,213]      [,214]       [,215]       [,216]       [,217]
  [1,]    0.0000000    0.0000000    0.000000    0.0000000    0.0000000    0.000000    0.0000000    0.0000000    0.0000000
  [2,]    0.0000000    0.0000000    0.000000    0.0000000    0.0000000    0.000000    0.0000000    0.0000000    0.0000000
            [,218]       [,219]       [,220]       [,221]       [,222]       [,223]       [,224]      [,225]       [,226]
  [1,]    0.000000    0.0000000    0.0000000    0.0000000    0.0000000    0.0000000    0.0000000    0.000000    0.0000000
  [2,]    0.000000    0.0000000    0.0000000    0.0000000    0.0000000    0.0000000    0.0000000    0.000000    0.0000000
             [,227]      [,228]       [,229]       [,230]       [,231]       [,232]       [,233]       [,234]      [,235]
  [1,]    0.0000000    0.000000    0.0000000    0.0000000    0.0000000    0.0000000    0.0000000    0.0000000    0.000000
  [2,]    0.0000000    0.000000    0.0000000    0.0000000    0.0000000    0.0000000    0.0000000    0.0000000    0.000000
            [,236]       [,237]       [,238]       [,239]       [,240]      [,241]      [,242]       [,243]       [,244]
  [1,]    0.000000    0.0000000    0.0000000    0.0000000    0.0000000    0.000000    0.000000    0.0000000    0.0000000
  [2,]    0.000000    0.0000000    0.0000000    0.0000000    0.0000000    0.000000    0.000000    0.0000000    0.0000000
            [,245]       [,246]       [,247]      [,248]      [,249]      [,250]      [,251]      [,252]      [,253]
  [1,]    0.000000    0.0000000    0.0000000    0.000000    0.000000   -1.533915   -1.765609   -1.842608   -2.080809
  [2,]    0.000000    0.0000000    0.0000000    0.000000    0.000000   -1.702236   -1.885961   -2.171463   -2.133715
            [,254]      [,255]      [,256]      [,257]      [,258]      [,259]      [,260]      [,261]      [,262]
  [1,]   -1.731539   -1.333727   -1.222311   -1.375853   -1.932271   -2.586088   -3.027236   -3.440805   -3.122671
  [2,]   -1.862323   -1.405089   -1.295475   -1.308759   -1.845357   -2.191250   -2.850956   -3.403483   -3.713315
            [,263]      [,264]      [,265]      [,266]      [,267]      [,268]      [,269]      [,270]      [,271]
  [1,]   -2.603703   -4.693344   -5.260185   -5.498051   -4.802038   -4.386833   -4.836922   -4.856169   -5.774813
  [2,]   -3.452573   -4.511947   -4.676128   -3.707907   -5.557082   -4.637493   -5.382715   -5.578201   -5.612606
            [,272]      [,273]      [,274]      [,275]      [,276]      [,277]      [,278]      [,279]      [,280]
  [1,]   -5.021530   -7.906164   -7.656565   -6.795071   -7.563259   -8.042697   -7.974732   -8.289747   -8.314626
  [2,]   -5.486835   -7.457557   -7.365956   -7.103320   -7.741006   -7.984158   -8.551930   -8.514250   -8.444819
            [,281]      [,282]      [,283]      [,284]      [,285]      [,286]      [,287]      [,288]      [,289]
  [1,]   -8.548614   -8.360224   -8.497178   -8.543213   -8.644275   -8.676364   -8.319076   -8.179038   -8.045281
  [2,]   -8.589466   -8.570303   -8.776336   -8.674519   -8.664470   -8.986195   -9.084433   -9.095822   -8.031267
            [,290]     [,291]     [,292]     [,293]      [,294]      [,295]      [,296]      [,297]      [,298]      [,299]
  [1,]   -8.630771  -11.26777  -15.37241  -15.91511  -15.705632  -12.078353   -7.981126   -7.355781   -8.221383   -9.356971
  [2,]  -10.908278  -14.57540  -15.81177  -16.33580  -15.743103  -11.346170   -7.816189   -7.635641   -8.777423   -9.794144
           [,300]     [,301]     [,302]     [,303]     [,304]     [,305]     [,306]     [,307]     [,308]     [,309]
  [1,]  -10.75498  -12.63594  -14.14876  -14.68875  -14.98279  -15.30815  -15.30308  -15.42977  -15.55733  -15.62089
  [2,]  -11.40613  -13.50612  -14.61162  -15.14053  -15.49272  -15.62397  -15.57949  -15.72448  -15.99636  -16.13700
           [,310]     [,311]     [,312]     [,313]     [,314]     [,315]     [,316]     [,317]     [,318]     [,319]
  [1,]  -15.67754  -15.62241  -15.59696  -15.60205  -15.60311  -15.43404  -15.30648  -14.92609  -14.03582  -11.78465
  [2,]  -16.29230  -16.59241  -16.57035  -16.42188  -16.16688  -16.05285  -15.84337  -15.41779  -14.76174  -12.34355
            [,320]      [,321]      [,322]     [,323]     [,324]     [,325]     [,326]     [,327]     [,328]     [,329]
  [1,]   -8.260364   -4.516360   -9.396969  -12.59956  -14.18789  -14.59649  -15.11674  -15.09375  -15.18192  -15.72000
  [2,]   -6.673208   -4.037593   -7.796193  -13.16953  -14.52006  -14.27796  -12.70874  -14.39905  -15.16042  -15.97748
           [,330]     [,331]     [,332]     [,333]     [,334]     [,335]     [,336]     [,337]     [,338]     [,339]
  [1,]  -16.24993  -16.75089  -16.95233  -17.60100  -18.38737  -18.86529  -18.69822  -18.22813  -18.60807  -19.04010
  [2,]  -16.49972  -16.78695  -17.23140  -17.74112  -18.46353  -19.04387  -19.01151  -19.61699  -20.76823  -21.11184
           [,340]     [,341]     [,342]     [,343]     [,344]     [,345]     [,346]     [,347]     [,348]     [,349]
  [1,]  -19.52020  -19.73041  -20.17447  -20.78667  -20.40269  -19.84643  -19.98665  -19.90348  -20.36260  -19.95265
  [2,]  -21.17150  -21.54858  -22.46430  -22.64363  -22.55380  -22.60999  -22.48540  -22.23161  -22.65090  -21.84500
 [ reached getOption("max.print") -- omitted 438 rows ]

$topographyGrid$cellRatio
[1] 50

$topographyGrid$x
  [1]    50   100   150   200   250   300   350   400   450   500   550   600   650   700   750   800   850   900   950  1000
 [21]  1050  1100  1150  1200  1250  1300  1350  1400  1450  1500  1550  1600  1650  1700  1750  1800  1850  1900  1950  2000
 [41]  2050  2100  2150  2200  2250  2300  2350  2400  2450  2500  2550  2600  2650  2700  2750  2800  2850  2900  2950  3000
 [61]  3050  3100  3150  3200  3250  3300  3350  3400  3450  3500  3550  3600  3650  3700  3750  3800  3850  3900  3950  4000
 [81]  4050  4100  4150  4200  4250  4300  4350  4400  4450  4500  4550  4600  4650  4700  4750  4800  4850  4900  4950  5000
[101]  5050  5100  5150  5200  5250  5300  5350  5400  5450  5500  5550  5600  5650  5700  5750  5800  5850  5900  5950  6000
[121]  6050  6100  6150  6200  6250  6300  6350  6400  6450  6500  6550  6600  6650  6700  6750  6800  6850  6900  6950  7000
[141]  7050  7100  7150  7200  7250  7300  7350  7400  7450  7500  7550  7600  7650  7700  7750  7800  7850  7900  7950  8000
[161]  8050  8100  8150  8200  8250  8300  8350  8400  8450  8500  8550  8600  8650  8700  8750  8800  8850  8900  8950  9000
[181]  9050  9100  9150  9200  9250  9300  9350  9400  9450  9500  9550  9600  9650  9700  9750  9800  9850  9900  9950 10000
[201] 10050 10100 10150 10200 10250 10300 10350 10400 10450 10500 10550 10600 10650 10700 10750 10800 10850 10900 10950 11000
[221] 11050 11100 11150 11200 11250 11300 11350 11400 11450 11500 11550 11600 11650 11700 11750 11800 11850 11900 11950 12000
[241] 12050 12100 12150 12200 12250 12300 12350 12400 12450 12500 12550 12600 12650 12700 12750 12800 12850 12900 12950 13000
[261] 13050 13100 13150 13200 13250 13300 13350 13400 13450 13500 13550 13600 13650 13700 13750 13800 13850 13900 13950 14000
[281] 14050 14100 14150 14200 14250 14300 14350 14400 14450 14500 14550 14600 14650 14700 14750 14800 14850 14900 14950 15000
[301] 15050 15100 15150 15200 15250 15300 15350 15400 15450 15500 15550 15600 15650 15700 15750 15800 15850 15900 15950 16000
[321] 16050 16100 16150 16200 16250 16300 16350 16400 16450 16500 16550 16600 16650 16700 16750 16800 16850 16900 16950 17000
[341] 17050 17100 17150 17200 17250 17300 17350 17400 17450 17500 17550 17600 17650 17700 17750 17800 17850 17900 17950 18000
[361] 18050 18100 18150 18200 18250 18300 18350 18400 18450 18500 18550 18600 18650 18700 18750 18800 18850 18900 18950 19000
[381] 19050 19100 19150 19200 19250 19300 19350 19400 19450 19500 19550 19600 19650 19700 19750 19800 19850 19900 19950 20000
[401] 20050 20100 20150 20200 20250 20300 20350 20400 20450 20500 20550 20600 20650 20700 20750 20800 20850 20900 20950 21000
[421] 21050 21100 21150 21200 21250 21300 21350 21400 21450 21500 21550 21600 21650 21700 21750 21800 21850 21900 21950 22000

$topographyGrid$y
  [1]    50   100   150   200   250   300   350   400   450   500   550   600   650   700   750   800   850   900   950  1000
 [21]  1050  1100  1150  1200  1250  1300  1350  1400  1450  1500  1550  1600  1650  1700  1750  1800  1850  1900  1950  2000
 [41]  2050  2100  2150  2200  2250  2300  2350  2400  2450  2500  2550  2600  2650  2700  2750  2800  2850  2900  2950  3000
 [61]  3050  3100  3150  3200  3250  3300  3350  3400  3450  3500  3550  3600  3650  3700  3750  3800  3850  3900  3950  4000
 [81]  4050  4100  4150  4200  4250  4300  4350  4400  4450  4500  4550  4600  4650  4700  4750  4800  4850  4900  4950  5000
[101]  5050  5100  5150  5200  5250  5300  5350  5400  5450  5500  5550  5600  5650  5700  5750  5800  5850  5900  5950  6000
[121]  6050  6100  6150  6200  6250  6300  6350  6400  6450  6500  6550  6600  6650  6700  6750  6800  6850  6900  6950  7000
[141]  7050  7100  7150  7200  7250  7300  7350  7400  7450  7500  7550  7600  7650  7700  7750  7800  7850  7900  7950  8000
[161]  8050  8100  8150  8200  8250  8300  8350  8400  8450  8500  8550  8600  8650  8700  8750  8800  8850  8900  8950  9000
[181]  9050  9100  9150  9200  9250  9300  9350  9400  9450  9500  9550  9600  9650  9700  9750  9800  9850  9900  9950 10000
[201] 10050 10100 10150 10200 10250 10300 10350 10400 10450 10500 10550 10600 10650 10700 10750 10800 10850 10900 10950 11000
[221] 11050 11100 11150 11200 11250 11300 11350 11400 11450 11500 11550 11600 11650 11700 11750 11800 11850 11900 11950 12000
[241] 12050 12100 12150 12200 12250 12300 12350 12400 12450 12500 12550 12600 12650 12700 12750 12800 12850 12900 12950 13000
[261] 13050 13100 13150 13200 13250 13300 13350 13400 13450 13500 13550 13600 13650 13700 13750 13800 13850 13900 13950 14000
[281] 14050 14100 14150 14200 14250 14300 14350 14400 14450 14500 14550 14600 14650 14700 14750 14800 14850 14900 14950 15000
[301] 15050 15100 15150 15200 15250 15300 15350 15400 15450 15500 15550 15600 15650 15700 15750 15800 15850 15900 15950 16000
[321] 16050 16100 16150 16200 16250 16300 16350 16400 16450 16500 16550 16600 16650 16700 16750 16800 16850 16900 16950 17000
[341] 17050 17100 17150 17200 17250 17300 17350 17400 17450


$behaviorGrid
               [,1]         [,2]         [,3]         [,4]         [,5]         [,6]         [,7]         [,8]         [,9]
  [1,] 0.000000e+00 0.000000e+00 0.000000e+00 0.000000e+00 0.000000e+00 0.000000e+00 0.000000e+00 0.000000e+00 0.000000e+00
  [2,] 0.000000e+00 0.000000e+00 0.000000e+00 0.000000e+00 0.000000e+00 0.000000e+00 0.000000e+00 0.000000e+00 0.000000e+00
              [,10]        [,11]        [,12]        [,13]        [,14]        [,15]        [,16]        [,17]        [,18]
  [1,] 0.000000e+00 0.000000e+00 0.000000e+00 0.000000e+00 0.000000e+00 0.000000e+00 0.000000e+00 0.000000e+00 0.000000e+00
  [2,] 0.000000e+00 0.000000e+00 0.000000e+00 0.000000e+00 0.000000e+00 0.000000e+00 0.000000e+00 0.000000e+00 0.000000e+00
              [,19]        [,20]        [,21]        [,22]        [,23]        [,24]        [,25]        [,26]        [,27]
  [1,] 0.000000e+00 0.000000e+00 0.000000e+00 0.000000e+00 0.000000e+00 0.000000e+00 0.000000e+00 0.000000e+00 0.000000e+00
  [2,] 0.000000e+00 0.000000e+00 0.000000e+00 0.000000e+00 0.000000e+00 0.000000e+00 0.000000e+00 0.000000e+00 0.000000e+00
              [,28]        [,29]        [,30]        [,31]        [,32]        [,33]        [,34]        [,35]        [,36]
  [1,] 0.000000e+00 0.000000e+00 0.000000e+00 0.000000e+00 0.000000e+00 0.000000e+00 0.000000e+00 0.000000e+00 0.000000e+00
  [2,] 0.000000e+00 0.000000e+00 0.000000e+00 0.000000e+00 0.000000e+00 0.000000e+00 0.000000e+00 0.000000e+00 0.000000e+00
              [,37]        [,38]        [,39]        [,40]        [,41]        [,42]        [,43]        [,44]        [,45]
  [1,] 0.000000e+00 0.000000e+00 0.000000e+00 0.000000e+00 0.000000e+00 0.000000e+00 0.000000e+00 0.000000e+00 0.000000e+00
  [2,] 0.000000e+00 0.000000e+00 0.000000e+00 0.000000e+00 0.000000e+00 0.000000e+00 0.000000e+00 0.000000e+00 0.000000e+00
              [,46]        [,47]        [,48]        [,49]        [,50]        [,51]        [,52]        [,53]        [,54]
  [1,] 0.000000e+00 0.000000e+00 0.000000e+00 0.000000e+00 0.000000e+00 0.000000e+00 0.000000e+00 0.000000e+00 0.000000e+00
  [2,] 0.000000e+00 0.000000e+00 0.000000e+00 0.000000e+00 0.000000e+00 0.000000e+00 0.000000e+00 0.000000e+00 0.000000e+00
              [,55]        [,56]        [,57]        [,58]        [,59]        [,60]        [,61]        [,62]        [,63]
  [1,] 0.000000e+00 0.000000e+00 0.000000e+00 0.000000e+00 0.000000e+00 0.000000e+00 0.000000e+00 0.000000e+00 0.000000e+00
  [2,] 0.000000e+00 0.000000e+00 0.000000e+00 0.000000e+00 0.000000e+00 0.000000e+00 0.000000e+00 0.000000e+00 0.000000e+00
              [,64]        [,65]        [,66]        [,67]        [,68]        [,69]        [,70]        [,71]        [,72]
  [1,] 0.000000e+00 0.000000e+00 0.000000e+00 0.000000e+00 0.000000e+00 0.000000e+00 0.000000e+00 0.000000e+00 0.000000e+00
  [2,] 0.000000e+00 0.000000e+00 0.000000e+00 0.000000e+00 0.000000e+00 0.000000e+00 0.000000e+00 0.000000e+00 0.000000e+00
              [,73]        [,74]        [,75]        [,76]        [,77]        [,78]        [,79]        [,80]        [,81]
  [1,] 0.000000e+00 0.000000e+00 0.000000e+00 0.000000e+00 0.000000e+00 0.000000e+00 0.000000e+00 0.000000e+00 0.000000e+00
  [2,] 0.000000e+00 0.000000e+00 0.000000e+00 0.000000e+00 0.000000e+00 0.000000e+00 0.000000e+00 0.000000e+00 0.000000e+00
              [,82]        [,83]        [,84]        [,85]        [,86]        [,87]        [,88]        [,89]        [,90]
  [1,] 0.000000e+00 0.000000e+00 0.000000e+00 0.000000e+00 0.000000e+00 0.000000e+00 0.000000e+00 0.000000e+00 0.000000e+00
  [2,] 0.000000e+00 0.000000e+00 0.000000e+00 0.000000e+00 0.000000e+00 0.000000e+00 0.000000e+00 0.000000e+00 0.000000e+00
              [,91]        [,92]        [,93]        [,94]        [,95]        [,96]        [,97]        [,98]        [,99]
  [1,] 0.000000e+00 0.000000e+00 0.000000e+00 0.000000e+00 0.000000e+00 0.000000e+00 0.000000e+00 0.000000e+00 0.000000e+00
  [2,] 0.000000e+00 0.000000e+00 0.000000e+00 0.000000e+00 0.000000e+00 0.000000e+00 0.000000e+00 0.000000e+00 0.000000e+00
             [,100]       [,101]       [,102]       [,103]       [,104]       [,105]       [,106]       [,107]       [,108]
  [1,] 0.000000e+00 0.000000e+00 0.000000e+00 0.000000e+00 0.000000e+00 0.000000e+00 0.000000e+00 0.000000e+00 0.000000e+00
  [2,] 0.000000e+00 0.000000e+00 0.000000e+00 0.000000e+00 0.000000e+00 0.000000e+00 0.000000e+00 0.000000e+00 0.000000e+00
             [,109]       [,110]       [,111]       [,112]       [,113]       [,114]       [,115]       [,116]       [,117]
  [1,] 0.000000e+00 0.000000e+00 0.000000e+00 0.000000e+00 0.000000e+00 0.000000e+00 0.000000e+00 0.000000e+00 0.000000e+00
  [2,] 0.000000e+00 0.000000e+00 0.000000e+00 0.000000e+00 0.000000e+00 0.000000e+00 0.000000e+00 0.000000e+00 0.000000e+00
             [,118]       [,119]       [,120]       [,121]       [,122]       [,123]       [,124]       [,125]       [,126]
  [1,] 0.000000e+00 0.000000e+00 0.000000e+00 0.000000e+00 0.000000e+00 0.000000e+00 0.000000e+00 0.000000e+00 0.000000e+00
  [2,] 0.000000e+00 0.000000e+00 0.000000e+00 0.000000e+00 0.000000e+00 0.000000e+00 0.000000e+00 0.000000e+00 0.000000e+00
             [,127]       [,128]       [,129]       [,130]       [,131]       [,132]       [,133]       [,134]       [,135]
  [1,] 0.000000e+00 0.000000e+00 0.000000e+00 0.000000e+00 0.000000e+00 0.000000e+00 0.000000e+00 0.000000e+00 0.000000e+00
  [2,] 0.000000e+00 0.000000e+00 0.000000e+00 0.000000e+00 0.000000e+00 0.000000e+00 0.000000e+00 0.000000e+00 0.000000e+00
             [,136]       [,137]       [,138]       [,139]       [,140]       [,141]       [,142]       [,143]       [,144]
  [1,] 0.000000e+00 0.000000e+00 0.000000e+00 0.000000e+00 0.000000e+00 0.000000e+00 0.000000e+00 0.000000e+00 0.000000e+00
  [2,] 0.000000e+00 0.000000e+00 0.000000e+00 0.000000e+00 0.000000e+00 0.000000e+00 0.000000e+00 0.000000e+00 0.000000e+00
             [,145]       [,146]       [,147]       [,148]       [,149]       [,150]       [,151]       [,152]       [,153]
  [1,] 0.000000e+00 0.000000e+00 0.000000e+00 0.000000e+00 0.000000e+00 0.000000e+00 0.000000e+00 0.000000e+00 0.000000e+00
  [2,] 0.000000e+00 0.000000e+00 0.000000e+00 0.000000e+00 0.000000e+00 0.000000e+00 0.000000e+00 0.000000e+00 0.000000e+00
             [,154]       [,155]       [,156]       [,157]       [,158]       [,159]       [,160]       [,161]       [,162]
  [1,] 0.000000e+00 0.000000e+00 0.000000e+00 0.000000e+00 0.000000e+00 0.000000e+00 0.000000e+00 0.000000e+00 0.000000e+00
  [2,] 0.000000e+00 0.000000e+00 0.000000e+00 0.000000e+00 0.000000e+00 0.000000e+00 0.000000e+00 0.000000e+00 0.000000e+00
             [,163]       [,164]       [,165]       [,166]       [,167]       [,168]       [,169]       [,170]       [,171]
  [1,] 0.000000e+00 0.000000e+00 0.000000e+00 0.000000e+00 0.000000e+00 0.000000e+00 0.000000e+00 0.000000e+00 0.000000e+00
  [2,] 0.000000e+00 0.000000e+00 0.000000e+00 0.000000e+00 0.000000e+00 0.000000e+00 0.000000e+00 0.000000e+00 0.000000e+00
             [,172]       [,173]       [,174]       [,175]       [,176]       [,177]       [,178]       [,179]       [,180]
  [1,] 0.000000e+00 0.000000e+00 0.000000e+00 0.000000e+00 0.000000e+00 0.000000e+00 0.000000e+00 0.000000e+00 0.000000e+00
  [2,] 0.000000e+00 0.000000e+00 0.000000e+00 0.000000e+00 0.000000e+00 0.000000e+00 0.000000e+00 0.000000e+00 0.000000e+00
             [,181]       [,182]       [,183]       [,184]       [,185]       [,186]       [,187]       [,188]       [,189]
  [1,] 0.000000e+00 0.000000e+00 0.000000e+00 0.000000e+00 0.000000e+00 0.000000e+00 0.000000e+00 0.000000e+00 0.000000e+00
  [2,] 0.000000e+00 0.000000e+00 0.000000e+00 0.000000e+00 0.000000e+00 0.000000e+00 0.000000e+00 0.000000e+00 0.000000e+00
             [,190]       [,191]       [,192]       [,193]       [,194]       [,195]       [,196]       [,197]       [,198]
  [1,] 0.000000e+00 0.000000e+00 0.000000e+00 0.000000e+00 0.000000e+00 0.000000e+00 0.000000e+00 0.000000e+00 0.000000e+00
  [2,] 0.000000e+00 0.000000e+00 0.000000e+00 0.000000e+00 0.000000e+00 0.000000e+00 0.000000e+00 0.000000e+00 0.000000e+00
             [,199]       [,200]       [,201]       [,202]       [,203]       [,204]       [,205]       [,206]       [,207]
  [1,] 0.000000e+00 0.000000e+00 0.000000e+00 0.000000e+00 0.000000e+00 0.000000e+00 0.000000e+00 0.000000e+00 0.000000e+00
  [2,] 0.000000e+00 0.000000e+00 0.000000e+00 0.000000e+00 0.000000e+00 0.000000e+00 0.000000e+00 0.000000e+00 0.000000e+00
             [,208]       [,209]       [,210]       [,211]       [,212]       [,213]       [,214]       [,215]       [,216]
  [1,] 0.000000e+00 0.000000e+00 0.000000e+00 0.000000e+00 0.000000e+00 0.000000e+00 0.000000e+00 0.000000e+00 0.000000e+00
  [2,] 0.000000e+00 0.000000e+00 0.000000e+00 0.000000e+00 0.000000e+00 0.000000e+00 0.000000e+00 0.000000e+00 0.000000e+00
             [,217]       [,218]       [,219]       [,220]       [,221]       [,222]       [,223]       [,224]       [,225]
  [1,] 0.000000e+00 0.000000e+00 0.000000e+00 0.000000e+00 0.000000e+00 0.000000e+00 0.000000e+00 0.000000e+00 0.000000e+00
  [2,] 0.000000e+00 0.000000e+00 0.000000e+00 0.000000e+00 0.000000e+00 0.000000e+00 0.000000e+00 0.000000e+00 0.000000e+00
             [,226]       [,227]       [,228]       [,229]       [,230]       [,231]       [,232]       [,233]       [,234]
  [1,] 0.000000e+00 0.000000e+00 0.000000e+00 0.000000e+00 0.000000e+00 0.000000e+00 0.000000e+00 0.000000e+00 0.000000e+00
  [2,] 0.000000e+00 0.000000e+00 0.000000e+00 0.000000e+00 0.000000e+00 0.000000e+00 0.000000e+00 0.000000e+00 0.000000e+00
             [,235]       [,236]       [,237]       [,238]       [,239]       [,240]       [,241]       [,242]       [,243]
  [1,] 0.000000e+00 0.000000e+00 0.000000e+00 0.000000e+00 0.000000e+00 0.000000e+00 0.000000e+00 0.000000e+00 0.000000e+00
  [2,] 0.000000e+00 0.000000e+00 0.000000e+00 0.000000e+00 0.000000e+00 0.000000e+00 0.000000e+00 0.000000e+00 0.000000e+00
             [,244]       [,245]       [,246]       [,247]       [,248]       [,249]       [,250]       [,251]       [,252]
  [1,] 0.000000e+00 0.000000e+00 0.000000e+00 0.000000e+00 0.000000e+00 0.000000e+00 0.000000e+00 0.000000e+00 0.000000e+00
  [2,] 0.000000e+00 0.000000e+00 0.000000e+00 0.000000e+00 0.000000e+00 0.000000e+00 0.000000e+00 0.000000e+00 0.000000e+00
             [,253]       [,254]       [,255]       [,256]       [,257]       [,258]       [,259]       [,260]       [,261]
  [1,] 0.000000e+00 0.000000e+00 0.000000e+00 0.000000e+00 0.000000e+00 0.000000e+00 0.000000e+00 0.000000e+00 0.000000e+00
  [2,] 0.000000e+00 0.000000e+00 0.000000e+00 0.000000e+00 0.000000e+00 0.000000e+00 0.000000e+00 0.000000e+00 0.000000e+00
             [,262]       [,263]       [,264]       [,265]       [,266]       [,267]       [,268]       [,269]       [,270]
  [1,] 0.000000e+00 0.000000e+00 0.000000e+00 0.000000e+00 0.000000e+00 0.000000e+00 0.000000e+00 0.000000e+00 0.000000e+00
  [2,] 0.000000e+00 0.000000e+00 0.000000e+00 0.000000e+00 0.000000e+00 0.000000e+00 0.000000e+00 0.000000e+00 0.000000e+00
             [,271]       [,272]       [,273]       [,274]       [,275]       [,276]       [,277]       [,278]       [,279]
  [1,] 0.000000e+00 0.000000e+00 0.000000e+00 0.000000e+00 0.000000e+00 0.000000e+00 0.000000e+00 0.000000e+00 0.000000e+00
  [2,] 0.000000e+00 0.000000e+00 0.000000e+00 0.000000e+00 0.000000e+00 0.000000e+00 0.000000e+00 0.000000e+00 0.000000e+00
             [,280]       [,281]       [,282]       [,283]       [,284]       [,285]       [,286]       [,287]       [,288]
  [1,] 0.000000e+00 0.000000e+00 0.000000e+00 0.000000e+00 0.000000e+00 0.000000e+00 0.000000e+00 0.000000e+00 0.000000e+00
  [2,] 0.000000e+00 0.000000e+00 0.000000e+00 0.000000e+00 0.000000e+00 0.000000e+00 0.000000e+00 0.000000e+00 0.000000e+00
             [,289]       [,290]       [,291]       [,292]       [,293]       [,294]       [,295]       [,296]       [,297]
  [1,] 0.000000e+00 0.000000e+00 0.000000e+00 0.000000e+00 0.000000e+00 0.000000e+00 0.000000e+00 0.000000e+00 0.000000e+00
  [2,] 0.000000e+00 0.000000e+00 0.000000e+00 0.000000e+00 0.000000e+00 0.000000e+00 0.000000e+00 0.000000e+00 0.000000e+00
             [,298]       [,299]       [,300]       [,301]       [,302]       [,303]       [,304]       [,305]       [,306]
  [1,] 0.000000e+00 0.000000e+00 0.000000e+00 0.000000e+00 0.000000e+00 0.000000e+00 0.000000e+00 0.000000e+00 0.000000e+00
  [2,] 0.000000e+00 0.000000e+00 0.000000e+00 0.000000e+00 0.000000e+00 0.000000e+00 0.000000e+00 0.000000e+00 0.000000e+00
             [,307]       [,308]       [,309]       [,310]       [,311]       [,312]       [,313]       [,314]       [,315]
  [1,] 0.000000e+00 0.000000e+00 0.000000e+00 0.000000e+00 0.000000e+00 0.000000e+00 0.000000e+00 0.000000e+00 0.000000e+00
  [2,] 0.000000e+00 0.000000e+00 0.000000e+00 0.000000e+00 0.000000e+00 0.000000e+00 0.000000e+00 0.000000e+00 0.000000e+00
             [,316]       [,317]       [,318]       [,319]       [,320]       [,321]       [,322]       [,323]       [,324]
  [1,] 0.000000e+00 0.000000e+00 0.000000e+00 0.000000e+00 0.000000e+00 0.000000e+00 0.000000e+00 0.000000e+00 0.000000e+00
  [2,] 0.000000e+00 0.000000e+00 0.000000e+00 0.000000e+00 0.000000e+00 0.000000e+00 0.000000e+00 0.000000e+00 0.000000e+00
             [,325]       [,326]       [,327]       [,328]       [,329]       [,330]       [,331]       [,332]       [,333]
  [1,] 0.000000e+00 0.000000e+00 0.000000e+00 0.000000e+00 0.000000e+00 0.000000e+00 0.000000e+00 0.000000e+00 0.000000e+00
  [2,] 0.000000e+00 0.000000e+00 0.000000e+00 0.000000e+00 0.000000e+00 0.000000e+00 0.000000e+00 0.000000e+00 0.000000e+00
             [,334]       [,335]       [,336]       [,337]       [,338]       [,339]       [,340]       [,341]       [,342]
  [1,] 0.000000e+00 0.000000e+00 0.000000e+00 0.000000e+00 0.000000e+00 0.000000e+00 0.000000e+00 0.000000e+00 0.000000e+00
  [2,] 0.000000e+00 0.000000e+00 0.000000e+00 0.000000e+00 0.000000e+00 0.000000e+00 0.000000e+00 0.000000e+00 0.000000e+00
             [,343]       [,344]       [,345]       [,346]       [,347]       [,348]       [,349]
  [1,] 0.000000e+00 0.000000e+00 0.000000e+00 0.000000e+00 0.000000e+00 0.000000e+00 0.000000e+00
  [2,] 0.000000e+00 0.000000e+00 0.000000e+00 0.000000e+00 0.000000e+00 0.000000e+00 0.000000e+00
 [ reached getOption("max.print") -- omitted 438 rows ]

$goodnessGrid
               [,1]         [,2]         [,3]         [,4]         [,5]         [,6]         [,7]         [,8]         [,9]
  [1,] 0.000000e+00 0.000000e+00 0.000000e+00 0.000000e+00 0.000000e+00 0.000000e+00 0.000000e+00 0.000000e+00 0.000000e+00
  [2,] 0.000000e+00 0.000000e+00 0.000000e+00 0.000000e+00 0.000000e+00 0.000000e+00 0.000000e+00 0.000000e+00 0.000000e+00
              [,10]        [,11]        [,12]        [,13]        [,14]        [,15]        [,16]        [,17]        [,18]
  [1,] 0.000000e+00 0.000000e+00 0.000000e+00 0.000000e+00 0.000000e+00 0.000000e+00 0.000000e+00 0.000000e+00 0.000000e+00
  [2,] 0.000000e+00 0.000000e+00 0.000000e+00 0.000000e+00 0.000000e+00 0.000000e+00 0.000000e+00 0.000000e+00 0.000000e+00
              [,19]        [,20]        [,21]        [,22]        [,23]        [,24]        [,25]        [,26]        [,27]
  [1,] 0.000000e+00 0.000000e+00 0.000000e+00 0.000000e+00 0.000000e+00 0.000000e+00 0.000000e+00 0.000000e+00 0.000000e+00
  [2,] 0.000000e+00 0.000000e+00 0.000000e+00 0.000000e+00 0.000000e+00 0.000000e+00 0.000000e+00 0.000000e+00 0.000000e+00
              [,28]        [,29]        [,30]        [,31]        [,32]        [,33]        [,34]        [,35]        [,36]
  [1,] 0.000000e+00 0.000000e+00 0.000000e+00 0.000000e+00 0.000000e+00 0.000000e+00 0.000000e+00 0.000000e+00 0.000000e+00
  [2,] 0.000000e+00 0.000000e+00 0.000000e+00 0.000000e+00 0.000000e+00 0.000000e+00 0.000000e+00 0.000000e+00 0.000000e+00
              [,37]        [,38]        [,39]        [,40]        [,41]        [,42]        [,43]        [,44]        [,45]
  [1,] 0.000000e+00 0.000000e+00 0.000000e+00 0.000000e+00 0.000000e+00 0.000000e+00 0.000000e+00 0.000000e+00 0.000000e+00
  [2,] 0.000000e+00 0.000000e+00 0.000000e+00 0.000000e+00 0.000000e+00 0.000000e+00 0.000000e+00 0.000000e+00 0.000000e+00
              [,46]        [,47]        [,48]        [,49]        [,50]        [,51]        [,52]        [,53]        [,54]
  [1,] 0.000000e+00 0.000000e+00 0.000000e+00 0.000000e+00 0.000000e+00 0.000000e+00 0.000000e+00 0.000000e+00 0.000000e+00
  [2,] 0.000000e+00 0.000000e+00 0.000000e+00 0.000000e+00 0.000000e+00 0.000000e+00 0.000000e+00 0.000000e+00 0.000000e+00
              [,55]        [,56]        [,57]        [,58]        [,59]        [,60]        [,61]        [,62]        [,63]
  [1,] 0.000000e+00 0.000000e+00 0.000000e+00 0.000000e+00 0.000000e+00 0.000000e+00 0.000000e+00 0.000000e+00 0.000000e+00
  [2,] 0.000000e+00 0.000000e+00 0.000000e+00 0.000000e+00 0.000000e+00 0.000000e+00 0.000000e+00 0.000000e+00 0.000000e+00
              [,64]        [,65]        [,66]        [,67]        [,68]        [,69]        [,70]        [,71]        [,72]
  [1,] 0.000000e+00 0.000000e+00 0.000000e+00 0.000000e+00 0.000000e+00 0.000000e+00 0.000000e+00 0.000000e+00 0.000000e+00
  [2,] 0.000000e+00 0.000000e+00 0.000000e+00 0.000000e+00 0.000000e+00 0.000000e+00 0.000000e+00 0.000000e+00 0.000000e+00
              [,73]        [,74]        [,75]        [,76]        [,77]        [,78]        [,79]        [,80]        [,81]
  [1,] 0.000000e+00 0.000000e+00 0.000000e+00 0.000000e+00 0.000000e+00 0.000000e+00 0.000000e+00 0.000000e+00 0.000000e+00
  [2,] 0.000000e+00 0.000000e+00 0.000000e+00 0.000000e+00 0.000000e+00 0.000000e+00 0.000000e+00 0.000000e+00 0.000000e+00
              [,82]        [,83]        [,84]        [,85]        [,86]        [,87]        [,88]        [,89]        [,90]
  [1,] 0.000000e+00 0.000000e+00 0.000000e+00 0.000000e+00 0.000000e+00 0.000000e+00 0.000000e+00 0.000000e+00 0.000000e+00
  [2,] 0.000000e+00 0.000000e+00 0.000000e+00 0.000000e+00 0.000000e+00 0.000000e+00 0.000000e+00 0.000000e+00 0.000000e+00
              [,91]        [,92]        [,93]        [,94]        [,95]        [,96]        [,97]        [,98]        [,99]
  [1,] 0.000000e+00 0.000000e+00 0.000000e+00 0.000000e+00 0.000000e+00 0.000000e+00 0.000000e+00 0.000000e+00 0.000000e+00
  [2,] 0.000000e+00 0.000000e+00 0.000000e+00 0.000000e+00 0.000000e+00 0.000000e+00 0.000000e+00 0.000000e+00 0.000000e+00
             [,100]       [,101]       [,102]       [,103]       [,104]       [,105]       [,106]       [,107]       [,108]
  [1,] 0.000000e+00 0.000000e+00 0.000000e+00 0.000000e+00 0.000000e+00 0.000000e+00 0.000000e+00 0.000000e+00 0.000000e+00
  [2,] 0.000000e+00 0.000000e+00 0.000000e+00 0.000000e+00 0.000000e+00 0.000000e+00 0.000000e+00 0.000000e+00 0.000000e+00
             [,109]       [,110]       [,111]       [,112]       [,113]       [,114]       [,115]       [,116]       [,117]
  [1,] 0.000000e+00 0.000000e+00 0.000000e+00 0.000000e+00 0.000000e+00 0.000000e+00 0.000000e+00 0.000000e+00 0.000000e+00
  [2,] 0.000000e+00 0.000000e+00 0.000000e+00 0.000000e+00 0.000000e+00 0.000000e+00 0.000000e+00 0.000000e+00 0.000000e+00
             [,118]       [,119]       [,120]       [,121]       [,122]       [,123]       [,124]       [,125]       [,126]
  [1,] 0.000000e+00 0.000000e+00 0.000000e+00 0.000000e+00 0.000000e+00 0.000000e+00 0.000000e+00 0.000000e+00 0.000000e+00
  [2,] 0.000000e+00 0.000000e+00 0.000000e+00 0.000000e+00 0.000000e+00 0.000000e+00 0.000000e+00 0.000000e+00 0.000000e+00
             [,127]       [,128]       [,129]       [,130]       [,131]       [,132]       [,133]       [,134]       [,135]
  [1,] 0.000000e+00 0.000000e+00 0.000000e+00 0.000000e+00 0.000000e+00 0.000000e+00 0.000000e+00 0.000000e+00 0.000000e+00
  [2,] 0.000000e+00 0.000000e+00 0.000000e+00 0.000000e+00 0.000000e+00 0.000000e+00 0.000000e+00 0.000000e+00 0.000000e+00
             [,136]       [,137]       [,138]       [,139]       [,140]       [,141]       [,142]       [,143]       [,144]
  [1,] 0.000000e+00 0.000000e+00 0.000000e+00 0.000000e+00 0.000000e+00 0.000000e+00 0.000000e+00 0.000000e+00 0.000000e+00
  [2,] 0.000000e+00 0.000000e+00 0.000000e+00 0.000000e+00 0.000000e+00 0.000000e+00 0.000000e+00 0.000000e+00 0.000000e+00
             [,145]       [,146]       [,147]       [,148]       [,149]       [,150]       [,151]       [,152]       [,153]
  [1,] 0.000000e+00 0.000000e+00 0.000000e+00 0.000000e+00 0.000000e+00 0.000000e+00 0.000000e+00 0.000000e+00 0.000000e+00
  [2,] 0.000000e+00 0.000000e+00 0.000000e+00 0.000000e+00 0.000000e+00 0.000000e+00 0.000000e+00 0.000000e+00 0.000000e+00
             [,154]       [,155]       [,156]       [,157]       [,158]       [,159]       [,160]       [,161]       [,162]
  [1,] 0.000000e+00 0.000000e+00 0.000000e+00 0.000000e+00 0.000000e+00 0.000000e+00 0.000000e+00 0.000000e+00 0.000000e+00
  [2,] 0.000000e+00 0.000000e+00 0.000000e+00 0.000000e+00 0.000000e+00 0.000000e+00 0.000000e+00 0.000000e+00 0.000000e+00
             [,163]       [,164]       [,165]       [,166]       [,167]       [,168]       [,169]       [,170]       [,171]
  [1,] 0.000000e+00 0.000000e+00 0.000000e+00 0.000000e+00 0.000000e+00 0.000000e+00 0.000000e+00 0.000000e+00 0.000000e+00
  [2,] 0.000000e+00 0.000000e+00 0.000000e+00 0.000000e+00 0.000000e+00 0.000000e+00 0.000000e+00 0.000000e+00 0.000000e+00
             [,172]       [,173]       [,174]       [,175]       [,176]       [,177]       [,178]       [,179]       [,180]
  [1,] 0.000000e+00 0.000000e+00 0.000000e+00 0.000000e+00 0.000000e+00 0.000000e+00 0.000000e+00 0.000000e+00 0.000000e+00
  [2,] 0.000000e+00 0.000000e+00 0.000000e+00 0.000000e+00 0.000000e+00 0.000000e+00 0.000000e+00 0.000000e+00 0.000000e+00
             [,181]       [,182]       [,183]       [,184]       [,185]       [,186]       [,187]       [,188]       [,189]
  [1,] 0.000000e+00 0.000000e+00 0.000000e+00 0.000000e+00 0.000000e+00 0.000000e+00 0.000000e+00 0.000000e+00 0.000000e+00
  [2,] 0.000000e+00 0.000000e+00 0.000000e+00 0.000000e+00 0.000000e+00 0.000000e+00 0.000000e+00 0.000000e+00 0.000000e+00
             [,190]       [,191]       [,192]       [,193]       [,194]       [,195]       [,196]       [,197]       [,198]
  [1,] 0.000000e+00 0.000000e+00 0.000000e+00 0.000000e+00 0.000000e+00 0.000000e+00 0.000000e+00 0.000000e+00 0.000000e+00
  [2,] 0.000000e+00 0.000000e+00 0.000000e+00 0.000000e+00 0.000000e+00 0.000000e+00 0.000000e+00 0.000000e+00 0.000000e+00
             [,199]       [,200]       [,201]       [,202]       [,203]       [,204]       [,205]       [,206]       [,207]
  [1,] 0.000000e+00 0.000000e+00 0.000000e+00 0.000000e+00 0.000000e+00 0.000000e+00 0.000000e+00 0.000000e+00 0.000000e+00
  [2,] 0.000000e+00 0.000000e+00 0.000000e+00 0.000000e+00 0.000000e+00 0.000000e+00 0.000000e+00 0.000000e+00 0.000000e+00
             [,208]       [,209]       [,210]       [,211]       [,212]       [,213]       [,214]       [,215]       [,216]
  [1,] 0.000000e+00 0.000000e+00 0.000000e+00 0.000000e+00 0.000000e+00 0.000000e+00 0.000000e+00 0.000000e+00 0.000000e+00
  [2,] 0.000000e+00 0.000000e+00 0.000000e+00 0.000000e+00 0.000000e+00 0.000000e+00 0.000000e+00 0.000000e+00 0.000000e+00
             [,217]       [,218]       [,219]       [,220]       [,221]       [,222]       [,223]       [,224]       [,225]
  [1,] 0.000000e+00 0.000000e+00 0.000000e+00 0.000000e+00 0.000000e+00 0.000000e+00 0.000000e+00 0.000000e+00 0.000000e+00
  [2,] 0.000000e+00 0.000000e+00 0.000000e+00 0.000000e+00 0.000000e+00 0.000000e+00 0.000000e+00 0.000000e+00 0.000000e+00
             [,226]       [,227]       [,228]       [,229]       [,230]       [,231]       [,232]       [,233]       [,234]
  [1,] 0.000000e+00 0.000000e+00 0.000000e+00 0.000000e+00 0.000000e+00 0.000000e+00 0.000000e+00 0.000000e+00 0.000000e+00
  [2,] 0.000000e+00 0.000000e+00 0.000000e+00 0.000000e+00 0.000000e+00 0.000000e+00 0.000000e+00 0.000000e+00 0.000000e+00
             [,235]       [,236]       [,237]       [,238]       [,239]       [,240]       [,241]       [,242]       [,243]
  [1,] 0.000000e+00 0.000000e+00 0.000000e+00 0.000000e+00 0.000000e+00 0.000000e+00 0.000000e+00 0.000000e+00 0.000000e+00
  [2,] 0.000000e+00 0.000000e+00 0.000000e+00 0.000000e+00 0.000000e+00 0.000000e+00 0.000000e+00 0.000000e+00 0.000000e+00
             [,244]       [,245]       [,246]       [,247]       [,248]       [,249]       [,250]       [,251]       [,252]
  [1,] 0.000000e+00 0.000000e+00 0.000000e+00 0.000000e+00 0.000000e+00 0.000000e+00 0.000000e+00 0.000000e+00 0.000000e+00
  [2,] 0.000000e+00 0.000000e+00 0.000000e+00 0.000000e+00 0.000000e+00 0.000000e+00 0.000000e+00 0.000000e+00 0.000000e+00
             [,253]       [,254]       [,255]       [,256]       [,257]       [,258]       [,259]       [,260]       [,261]
  [1,] 0.000000e+00 0.000000e+00 0.000000e+00 0.000000e+00 0.000000e+00 0.000000e+00 0.000000e+00 0.000000e+00 0.000000e+00
  [2,] 0.000000e+00 0.000000e+00 0.000000e+00 0.000000e+00 0.000000e+00 0.000000e+00 0.000000e+00 0.000000e+00 0.000000e+00
             [,262]       [,263]       [,264]       [,265]       [,266]       [,267]       [,268]       [,269]       [,270]
  [1,] 0.000000e+00 0.000000e+00 0.000000e+00 0.000000e+00 0.000000e+00 0.000000e+00 0.000000e+00 0.000000e+00 0.000000e+00
  [2,] 0.000000e+00 0.000000e+00 0.000000e+00 0.000000e+00 0.000000e+00 0.000000e+00 0.000000e+00 0.000000e+00 0.000000e+00
             [,271]       [,272]       [,273]       [,274]       [,275]       [,276]       [,277]       [,278]       [,279]
  [1,] 0.000000e+00 0.000000e+00 0.000000e+00 0.000000e+00 0.000000e+00 0.000000e+00 0.000000e+00 0.000000e+00 0.000000e+00
  [2,] 0.000000e+00 0.000000e+00 0.000000e+00 0.000000e+00 0.000000e+00 0.000000e+00 0.000000e+00 0.000000e+00 0.000000e+00
             [,280]       [,281]       [,282]       [,283]       [,284]       [,285]       [,286]       [,287]       [,288]
  [1,] 0.000000e+00 0.000000e+00 0.000000e+00 0.000000e+00 7.279643e-09 2.037831e-08 4.050145e-08 7.049289e-08 1.087949e-07
  [2,] 0.000000e+00 0.000000e+00 1.487918e-09 3.719267e-09 1.772007e-08 4.454848e-08 8.074131e-08 1.270115e-07 1.898408e-07
             [,289]       [,290]       [,291]       [,292]       [,293]       [,294]       [,295]       [,296]       [,297]
  [1,] 1.622779e-07 2.288875e-07 2.199494e-07 1.106820e-09 1.808008e-12 2.430169e-12 9.389875e-07 2.238769e-06 2.980924e-06
  [2,] 3.000759e-07 3.145366e-07 9.303324e-08 1.517375e-11 2.778239e-12 3.701515e-12 2.195822e-06 3.512102e-06 4.582775e-06
             [,298]       [,299]       [,300]       [,301]       [,302]       [,303]       [,304]       [,305]       [,306]
  [1,] 3.793384e-06 4.715357e-06 5.725597e-06 6.735642e-06 7.845722e-06 9.377597e-06 1.125780e-05 1.342599e-05 1.613471e-05
  [2,] 5.773640e-06 7.185781e-06 8.660256e-06 1.010195e-05 1.194675e-05 1.429261e-05 1.709275e-05 2.045016e-05 2.434544e-05
             [,307]       [,308]       [,309]       [,310]       [,311]       [,312]       [,313]       [,314]       [,315]
  [1,] 1.909862e-05 2.226011e-05 2.575261e-05 2.956439e-05 3.372678e-05 3.797344e-05 4.178466e-05 4.435749e-05 4.686417e-05
  [2,] 2.849415e-05 3.285842e-05 3.789032e-05 4.328775e-05 4.871043e-05 5.504075e-05 6.157691e-05 6.765784e-05 7.151076e-05
             [,316]       [,317]       [,318]       [,319]       [,320]       [,321]       [,322]       [,323]       [,324]
  [1,] 4.866273e-05 4.979500e-05 4.970606e-05 4.709825e-05 5.192515e-05 0.000000e+00 6.703471e-05 6.371973e-05 6.090273e-05
  [2,] 7.415117e-05 7.714911e-05 7.962502e-05 8.450293e-05 1.061506e-04 0.000000e+00 1.133157e-04 1.033009e-04 9.555359e-05
             [,325]       [,326]       [,327]       [,328]       [,329]       [,330]       [,331]       [,332]       [,333]
  [1,] 5.605970e-05 4.480450e-05 4.653790e-05 5.333986e-05 5.779563e-05 6.097089e-05 6.346234e-05 6.429700e-05 6.267979e-05
  [2,] 9.389252e-05 1.037109e-04 8.311483e-05 8.497278e-05 9.085204e-05 9.635970e-05 9.768482e-05 9.552208e-05 9.228842e-05
             [,334]       [,335]       [,336]       [,337]       [,338]       [,339]       [,340]       [,341]       [,342]
  [1,] 6.004179e-05 5.760891e-05 5.537207e-05 5.334941e-05 5.012953e-05 4.669039e-05 4.309725e-05 3.978516e-05 3.619854e-05
  [2,] 8.815153e-05 8.411473e-05 8.095193e-05 7.655152e-05 7.075982e-05 6.633152e-05 6.221254e-05 5.736587e-05 5.171068e-05
             [,343]       [,344]       [,345]       [,346]       [,347]       [,348]       [,349]
  [1,] 3.259110e-05 2.981438e-05 2.713332e-05 2.413748e-05 2.140915e-05 1.864137e-05 1.638514e-05
  [2,] 4.719795e-05 4.309476e-05 3.892219e-05 3.504258e-05 3.135290e-05 2.739357e-05 2.440987e-05
 [ reached getOption("max.print") -- omitted 438 rows ]

$sensors
$sensors[[1]]
$sensors[[1]]$c
[1] 303

$sensors[[1]]$r
[1] 44


$sensors[[2]]
$sensors[[2]]$c
[1] 155

$sensors[[2]]$r
[1] 162


$sensors[[3]]
$sensors[[3]]$c
[1] 305

$sensors[[3]]$r
[1] 79


$sensors[[4]]
$sensors[[4]]$c
[1] 124

$sensors[[4]]$r
[1] 220


$sensors[[5]]
$sensors[[5]]$c
[1] 97

$sensors[[5]]$r
[1] 266


$sensors[[6]]
$sensors[[6]]$c
[1] 172

$sensors[[6]]$r
[1] 143


$sensors[[7]]
$sensors[[7]]$c
[1] 87

$sensors[[7]]$r
[1] 219


$sensors[[8]]
$sensors[[8]]$c
[1] 136

$sensors[[8]]$r
[1] 255


$sensors[[9]]
$sensors[[9]]$c
[1] 209

$sensors[[9]]$r
[1] 140


$sensors[[10]]
$sensors[[10]]$c
[1] 255

$sensors[[10]]$r
[1] 89


$sensors[[11]]
$sensors[[11]]$c
[1] 219

$sensors[[11]]$r
[1] 103


$sensors[[12]]
$sensors[[12]]$c
[1] 333

$sensors[[12]]$r
[1] 9


$sensors[[13]]
$sensors[[13]]$c
[1] 338

$sensors[[13]]$r
[1] 23


$sensors[[14]]
$sensors[[14]]$c
[1] 343

$sensors[[14]]$r
[1] 37


$sensors[[15]]
$sensors[[15]]$c
[1] 347

$sensors[[15]]$r
[1] 50


$sensors[[16]]
$sensors[[16]]$c
[1] 78

$sensors[[16]]$r
[1] 182


$sensors[[17]]
$sensors[[17]]$c
[1] 50

$sensors[[17]]$r
[1] 165


$sensors[[18]]
$sensors[[18]]$c
[1] 2

$sensors[[18]]$r
[1] 348


$sensors[[19]]
$sensors[[19]]$c
[1] 2

$sensors[[19]]$r
[1] 327


$sensors[[20]]
$sensors[[20]]$c
[1] 2

$sensors[[20]]$r
[1] 310


$sensors[[21]]
$sensors[[21]]$c
[1] 2

$sensors[[21]]$r
[1] 290


$sensors[[22]]
$sensors[[22]]$c
[1] 2

$sensors[[22]]$r
[1] 270


$sensors[[23]]
$sensors[[23]]$c
[1] 2

$sensors[[23]]$r
[1] 252


$sensors[[24]]
$sensors[[24]]$c
[1] 1

$sensors[[24]]$r
[1] 232


$sensors[[25]]
$sensors[[25]]$c
[1] 2

$sensors[[25]]$r
[1] 211


$sensors[[26]]
$sensors[[26]]$c
[1] 2

$sensors[[26]]$r
[1] 194


$sensors[[27]]
$sensors[[27]]$c
[1] 2

$sensors[[27]]$r
[1] 174


$sensors[[28]]
$sensors[[28]]$c
[1] 120

$sensors[[28]]$r
[1] 180


$sensors[[29]]
$sensors[[29]]$c
[1] 51

$sensors[[29]]$r
[1] 269


$sensors[[30]]
$sensors[[30]]$c
[1] 69

$sensors[[30]]$r
[1] 301


$sensors[[31]]
$sensors[[31]]$c
[1] 270

$sensors[[31]]$r
[1] 87


$sensors[[32]]
$sensors[[32]]$c
[1] 270

$sensors[[32]]$r
[1] 95


$sensors[[33]]
$sensors[[33]]$c
[1] 270

$sensors[[33]]$r
[1] 103


$sensors[[34]]
$sensors[[34]]$c
[1] 38

$sensors[[34]]$r
[1] 239


$sensors[[35]]
$sensors[[35]]$c
[1] 38

$sensors[[35]]$r
[1] 259


$sensors[[36]]
$sensors[[36]]$c
[1] 38

$sensors[[36]]$r
[1] 277


$sensors[[37]]
$sensors[[37]]$c
[1] 38

$sensors[[37]]$r
[1] 297


$sensors[[38]]
$sensors[[38]]$c
[1] 38

$sensors[[38]]$r
[1] 315


$sensors[[39]]
$sensors[[39]]$c
[1] 38

$sensors[[39]]$r
[1] 335


$sensors[[40]]
$sensors[[40]]$c
[1] 38

$sensors[[40]]$r
[1] 353


$sensors[[41]]
$sensors[[41]]$c
[1] 38

$sensors[[41]]$r
[1] 371


$sensors[[42]]
$sensors[[42]]$c
[1] 73

$sensors[[42]]$r
[1] 342


$sensors[[43]]
$sensors[[43]]$c
[1] 244

$sensors[[43]]$r
[1] 147


$sensors[[44]]
$sensors[[44]]$c
[1] 105

$sensors[[44]]$r
[1] 301


$sensors[[45]]
$sensors[[45]]$c
[1] 190

$sensors[[45]]$r
[1] 179



$stats
$stats$sensorMatNotSorted
      [,1] [,2]
 [1,]  303   44
 [2,]  155  162
 [3,]  305   79
 [4,]  124  220
 [5,]   97  266
 [6,]  172  143
 [7,]   87  219
 [8,]  136  255
 [9,]  209  140
[10,]  255   89
[11,]  219  103
[12,]  333    9
[13,]  338   23
[14,]  343   37
[15,]  347   50
[16,]   78  182
[17,]   50  165
[18,]    2  348
[19,]    2  327
[20,]    2  310
[21,]    2  290
[22,]    2  270
[23,]    2  252
[24,]    1  232
[25,]    2  211
[26,]    2  194
[27,]    2  174
[28,]  120  180
[29,]   51  269
[30,]   69  301
[31,]  270   87
[32,]  270   95
[33,]  270  103
[34,]   38  239
[35,]   38  259
[36,]   38  277
[37,]   38  297
[38,]   38  315
[39,]   38  335
[40,]   38  353
[41,]   38  371
[42,]   73  342
[43,]  244  147
[44,]  105  301
[45,]  190  179

$stats$sensorMat
      [,1] [,2]
 [1,]  303   44
 [2,]  155  162
 [3,]  305   79
 [4,]  124  220
 [5,]   97  266
 [6,]  172  143
 [7,]   87  219
 [8,]  136  255
 [9,]  209  140
[10,]  255   89
[11,]  219  103
[12,]  333    9
[13,]  338   23
[14,]  343   37
[15,]  347   50
[16,]   78  182
[17,]   50  165
[18,]    2  348
[19,]    2  327
[20,]    2  310
[21,]    2  290
[22,]    2  270
[23,]    2  252
[24,]    1  232
[25,]    2  211
[26,]    2  194
[27,]    2  174
[28,]  120  180
[29,]   51  269
[30,]   69  301
[31,]  270   87
[32,]  270   95
[33,]  270  103
[34,]   38  239
[35,]   38  259
[36,]   38  277
[37,]   38  297
[38,]   38  315
[39,]   38  335
[40,]   38  353
[41,]   38  371
[42,]   73  342
[43,]  244  147
[44,]  105  301
[45,]  190  179

$stats$uniqRRs
 [1] 0.005727493 0.017576623 0.028246819 0.039552342 0.051259246 0.062849222 0.065848155 0.077346885 0.089973017 0.098293211
[11] 0.107106419 0.107794542 0.112901410 0.119579700 0.124524041 0.124524041 0.124524041 0.131288609 0.137581685 0.143327890
[21] 0.148771888 0.155252210 0.161217045 0.166896551 0.173098406 0.176646311 0.176800877 0.184314523 0.197031041 0.209371959
[31] 0.215814593 0.221657168 0.227106613 0.237930138 0.246418924 0.254638973 0.265178602 0.275445362 0.286200585 0.296643653
[41] 0.305708809 0.318016793 0.329842232 0.341216023 0.350794784

$stats$coverageGrid
             [,1]       [,2]       [,3]       [,4]       [,5]        [,6]        [,7]        [,8]        [,9]       [,10]
  [1,] 0.00000000 0.00000000 0.00000000 0.00000000 0.00000000 0.000000000 0.000000000 0.000000000 0.000000000 0.000000000
  [2,] 0.00000000 0.00000000 0.00000000 0.00000000 0.00000000 0.000000000 0.000000000 0.000000000 0.000000000 0.000000000
             [,11]        [,12]        [,13]        [,14]        [,15]        [,16]        [,17]        [,18]       [,19]
  [1,] 0.000000000 0.0000000000 0.0000000000 0.0000000000 0.0000000000 0.0000000000 0.0000000000 0.0000000000 0.000000000
  [2,] 0.000000000 0.0000000000 0.0000000000 0.0000000000 0.0000000000 0.0000000000 0.0000000000 0.0000000000 0.000000000
             [,20]       [,21]        [,22]        [,23]        [,24]        [,25]        [,26]        [,27]        [,28]
  [1,] 0.000000000 0.000000000 0.0000000000 0.0000000000 0.0000000000 0.0000000000 0.0000000000 0.0000000000 0.0000000000
  [2,] 0.000000000 0.000000000 0.0000000000 0.0000000000 0.0000000000 0.0000000000 0.0000000000 0.0000000000 0.0000000000
              [,29]        [,30]        [,31]       [,32]       [,33]       [,34]       [,35]       [,36]       [,37]
  [1,] 0.0000000000 0.0000000000 0.0000000000 0.000000000 0.000000000 0.000000000 0.000000000 0.000000000 0.000000000
  [2,] 0.0000000000 0.0000000000 0.0000000000 0.000000000 0.000000000 0.000000000 0.000000000 0.000000000 0.000000000
             [,38]       [,39]       [,40]       [,41]       [,42]       [,43]       [,44]       [,45]       [,46]
  [1,] 0.000000000 0.000000000 0.000000000 0.000000000 0.000000000 0.000000000 0.000000000 0.000000000 0.000000000
  [2,] 0.000000000 0.000000000 0.000000000 0.000000000 0.000000000 0.000000000 0.000000000 0.000000000 0.000000000
             [,47]       [,48]       [,49]       [,50]       [,51]        [,52]        [,53]        [,54]        [,55]
  [1,] 0.000000000 0.000000000 0.000000000 0.000000000 0.000000000 0.0000000000 0.0000000000 0.0000000000 0.0000000000
  [2,] 0.000000000 0.000000000 0.000000000 0.000000000 0.000000000 0.0000000000 0.0000000000 0.0000000000 0.0000000000
              [,56]        [,57]        [,58]        [,59]        [,60]        [,61]        [,62]        [,63]        [,64]
  [1,] 0.0000000000 0.0000000000 0.0000000000 0.0000000000 0.0000000000 0.0000000000 0.0000000000 0.0000000000 0.0000000000
  [2,] 0.0000000000 0.0000000000 0.0000000000 0.0000000000 0.0000000000 0.0000000000 0.0000000000 0.0000000000 0.0000000000
             [,65]       [,66]       [,67]       [,68]       [,69]       [,70]       [,71]       [,72]       [,73]
  [1,] 0.000000000 0.000000000 0.000000000 0.000000000 0.000000000 0.000000000 0.000000000 0.000000000 0.000000000
  [2,] 0.000000000 0.000000000 0.000000000 0.000000000 0.000000000 0.000000000 0.000000000 0.000000000 0.000000000
             [,74]        [,75]        [,76]       [,77]       [,78]       [,79]       [,80]       [,81]       [,82]
  [1,] 0.000000000 0.0000000000 0.0000000000 0.000000000 0.000000000 0.000000000 0.000000000 0.000000000 0.000000000
  [2,] 0.000000000 0.0000000000 0.0000000000 0.000000000 0.000000000 0.000000000 0.000000000 0.000000000 0.000000000
             [,83]       [,84]       [,85]       [,86]       [,87]       [,88]       [,89]       [,90]       [,91]
  [1,] 0.000000000 0.000000000 0.000000000 0.000000000 0.000000000 0.000000000 0.000000000 0.000000000 0.000000000
  [2,] 0.000000000 0.000000000 0.000000000 0.000000000 0.000000000 0.000000000 0.000000000 0.000000000 0.000000000
              [,92]        [,93]        [,94]        [,95]        [,96]        [,97]        [,98]        [,99]       [,100]
  [1,] 0.0000000000 0.0000000000 0.000000e+00 0.000000e+00 0.000000e+00 0.000000e+00 0.0000000000 0.0000000000 0.0000000000
  [2,] 0.0000000000 0.0000000000 0.000000e+00 0.000000e+00 0.000000e+00 0.000000e+00 0.0000000000 0.0000000000 0.0000000000
             [,101]       [,102]       [,103]      [,104]      [,105]      [,106]      [,107]      [,108]      [,109]
  [1,] 0.0000000000 0.0000000000 0.0000000000 0.000000000 0.000000000 0.000000000 0.000000000 0.000000000 0.000000000
  [2,] 0.0000000000 0.0000000000 0.0000000000 0.000000000 0.000000000 0.000000000 0.000000000 0.000000000 0.000000000
            [,110]      [,111]      [,112]      [,113]      [,114]      [,115]      [,116]      [,117]      [,118]
  [1,] 0.000000000 0.000000000 0.000000000 0.000000000 0.000000000 0.000000000 0.000000000 0.000000000 0.000000000
  [2,] 0.000000000 0.000000000 0.000000000 0.000000000 0.000000000 0.000000000 0.000000000 0.000000000 0.000000000
            [,119]      [,120]      [,121]      [,122]      [,123]       [,124]       [,125]       [,126]       [,127]
  [1,] 0.000000000 0.000000000 0.000000000 0.000000000 0.000000000 0.0000000000 0.0000000000 0.0000000000 0.0000000000
  [2,] 0.000000000 0.000000000 0.000000000 0.000000000 0.000000000 0.0000000000 0.0000000000 0.0000000000 0.0000000000
             [,128]       [,129]       [,130]       [,131]       [,132]       [,133]       [,134]       [,135]       [,136]
  [1,] 0.0000000000 0.000000e+00 0.000000e+00 0.0000000000 0.0000000000 0.0000000000 0.0000000000 0.0000000000 0.0000000000
  [2,] 0.0000000000 0.000000e+00 0.000000e+00 0.0000000000 0.0000000000 0.0000000000 0.0000000000 0.0000000000 0.0000000000
             [,137]       [,138]      [,139]      [,140]      [,141]      [,142]      [,143]      [,144]      [,145]
  [1,] 0.0000000000 0.0000000000 0.000000000 0.000000000 0.000000000 0.000000000 0.000000000 0.000000000 0.000000000
  [2,] 0.0000000000 0.0000000000 0.000000000 0.000000000 0.000000000 0.000000000 0.000000000 0.000000000 0.000000000
             [,146]       [,147]       [,148]       [,149]       [,150]       [,151]       [,152]       [,153]       [,154]
  [1,] 0.0000000000 0.0000000000 0.0000000000 0.000000e+00 0.0000000000 0.0000000000 0.0000000000 0.0000000000 0.0000000000
  [2,] 0.0000000000 0.0000000000 0.0000000000 0.000000e+00 0.0000000000 0.0000000000 0.0000000000 0.0000000000 0.0000000000
             [,155]       [,156]       [,157]       [,158]       [,159]       [,160]       [,161]       [,162]      [,163]
  [1,] 0.0000000000 0.0000000000 0.0000000000 0.0000000000 0.0000000000 0.000000e+00 0.000000e+00 0.000000e+00 0.000000000
  [2,] 0.0000000000 0.0000000000 0.0000000000 0.0000000000 0.0000000000 0.000000e+00 0.000000e+00 0.000000e+00 0.000000000
             [,164]       [,165]       [,166]       [,167]       [,168]       [,169]       [,170]      [,171]      [,172]
  [1,] 0.0000000000 0.0000000000 0.0000000000 0.0000000000 0.0000000000 0.0000000000 0.0000000000 0.000000000 0.000000000
  [2,] 0.0000000000 0.0000000000 0.0000000000 0.0000000000 0.0000000000 0.0000000000 0.0000000000 0.000000000 0.000000000
            [,173]      [,174]      [,175]      [,176]      [,177]      [,178]      [,179]      [,180]      [,181]
  [1,] 0.000000000 0.000000000 0.000000000 0.000000000 0.000000000 0.000000000 0.000000000 0.000000000 0.000000000
  [2,] 0.000000000 0.000000000 0.000000000 0.000000000 0.000000000 0.000000000 0.000000000 0.000000000 0.000000000
            [,182]       [,183]       [,184]       [,185]       [,186]       [,187]       [,188]       [,189]       [,190]
  [1,] 0.000000000 0.000000e+00 0.000000e+00 0.000000e+00 0.0000000000 0.0000000000 0.0000000000 0.0000000000 0.0000000000
  [2,] 0.000000000 0.000000e+00 0.000000e+00 0.000000e+00 0.0000000000 0.0000000000 0.0000000000 0.0000000000 0.0000000000
             [,191]      [,192]       [,193]       [,194]       [,195]       [,196]       [,197]       [,198]       [,199]
  [1,] 0.0000000000 0.000000000 0.000000e+00 0.000000e+00 0.000000e+00 0.000000e+00 0.000000e+00 0.000000e+00 0.000000e+00
  [2,] 0.0000000000 0.000000000 0.000000e+00 0.000000e+00 0.000000e+00 0.000000e+00 0.000000e+00 0.000000e+00 0.000000e+00
             [,200]       [,201]       [,202]       [,203]       [,204]       [,205]       [,206]       [,207]       [,208]
  [1,] 0.000000e+00 0.000000e+00 0.000000e+00 0.000000e+00 0.000000e+00 0.000000e+00 0.000000e+00 0.000000e+00 0.000000e+00
  [2,] 0.000000e+00 0.000000e+00 0.000000e+00 0.000000e+00 0.000000e+00 0.000000e+00 0.000000e+00 0.000000e+00 0.000000e+00
             [,209]       [,210]       [,211]       [,212]       [,213]       [,214]       [,215]       [,216]       [,217]
  [1,] 0.000000e+00 0.000000e+00 0.000000e+00 0.000000e+00 0.000000e+00 0.000000e+00 0.000000e+00 0.000000e+00 0.000000e+00
  [2,] 0.000000e+00 0.000000e+00 0.000000e+00 0.000000e+00 0.000000e+00 0.000000e+00 0.000000e+00 0.000000e+00 0.000000e+00
             [,218]       [,219]       [,220]       [,221]       [,222]       [,223]       [,224]       [,225]       [,226]
  [1,] 0.000000e+00 0.000000e+00 0.000000e+00 0.000000e+00 0.0000000000 0.0000000000 0.0000000000 0.0000000000 0.0000000000
  [2,] 0.000000e+00 0.000000e+00 0.000000e+00 0.000000e+00 0.0000000000 0.0000000000 0.0000000000 0.0000000000 0.0000000000
            [,227]      [,228]       [,229]       [,230]       [,231]       [,232]       [,233]       [,234]       [,235]
  [1,] 0.000000000 0.000000000 0.000000e+00 0.000000e+00 0.000000e+00 0.000000e+00 0.000000e+00 0.000000e+00 0.000000e+00
  [2,] 0.000000000 0.000000000 0.000000e+00 0.000000e+00 0.000000e+00 0.000000e+00 0.000000e+00 0.000000e+00 0.000000e+00
             [,236]       [,237]       [,238]       [,239]       [,240]       [,241]       [,242]       [,243]       [,244]
  [1,] 0.000000e+00 0.000000e+00 0.000000e+00 0.000000e+00 0.000000e+00 0.000000e+00 0.000000e+00 0.000000e+00 0.000000e+00
  [2,] 0.000000e+00 0.000000e+00 0.000000e+00 0.000000e+00 0.000000e+00 0.000000e+00 0.000000e+00 0.000000e+00 0.000000e+00
             [,245]       [,246]       [,247]       [,248]       [,249]       [,250]       [,251]       [,252]       [,253]
  [1,] 0.000000e+00 0.000000e+00 0.000000e+00 0.000000e+00 0.000000e+00 0.000000e+00 0.000000e+00 0.000000e+00 0.000000e+00
  [2,] 0.000000e+00 0.000000e+00 0.000000e+00 0.000000e+00 0.000000e+00 0.000000e+00 0.000000e+00 0.000000e+00 0.000000e+00
             [,254]       [,255]       [,256]       [,257]       [,258]       [,259]       [,260]       [,261]       [,262]
  [1,] 0.000000e+00 0.000000e+00 0.000000e+00 0.000000e+00 0.000000e+00 0.000000e+00 0.000000e+00 0.000000e+00 0.000000e+00
  [2,] 0.000000e+00 0.000000e+00 0.000000e+00 0.000000e+00 0.000000e+00 0.000000e+00 0.000000e+00 0.000000e+00 0.000000e+00
             [,263]       [,264]       [,265]       [,266]       [,267]       [,268]       [,269]       [,270]      [,271]
  [1,] 0.0000000000 0.0000000000 0.0000000000 0.0000000000 0.0000000000 0.0000000000 0.000000e+00 0.000000e+00 0.000000000
  [2,] 0.0000000000 0.0000000000 0.0000000000 0.0000000000 0.0000000000 0.0000000000 0.000000e+00 0.000000e+00 0.000000000
            [,272]      [,273]      [,274]      [,275]      [,276]       [,277]       [,278]       [,279]       [,280]
  [1,] 0.000000000 0.000000000 0.000000000 0.000000000 0.000000000 0.000000e+00 0.000000e+00 0.000000e+00 0.000000e+00
  [2,] 0.000000000 0.000000000 0.000000000 0.000000000 0.000000000 0.000000e+00 0.000000e+00 0.000000e+00 0.000000e+00
             [,281]       [,282]       [,283]       [,284]       [,285]       [,286]       [,287]       [,288]       [,289]
  [1,] 0.000000e+00 0.000000e+00 0.000000e+00 0.000000e+00 0.000000e+00 0.000000e+00 0.000000e+00 0.000000e+00 0.000000e+00
  [2,] 0.000000e+00 0.000000e+00 0.000000e+00 0.000000e+00 0.000000e+00 0.000000e+00 0.000000e+00 0.000000e+00 0.000000e+00
             [,290]       [,291]       [,292]       [,293]       [,294]       [,295]       [,296]      [,297]      [,298]
  [1,] 0.000000e+00 0.000000e+00 0.0000000000 0.0000000000 0.0000000000 0.0000000000 0.0000000000 0.000000000 0.000000000
  [2,] 0.000000e+00 0.000000e+00 0.0000000000 0.0000000000 0.0000000000 0.0000000000 0.0000000000 0.000000000 0.000000000
            [,299]      [,300]      [,301]      [,302]      [,303]      [,304]      [,305]      [,306]      [,307]
  [1,] 0.000000000 0.000000000 0.000000000 0.000000000 0.000000000 0.000000000 0.000000000 0.000000000 0.001412617
  [2,] 0.000000000 0.000000000 0.000000000 0.000000000 0.000000000 0.000000000 0.000000000 0.000000000 0.002468347
            [,308]      [,309]      [,310]      [,311]       [,312]       [,313]       [,314]       [,315]       [,316]
  [1,] 0.002429191 0.003985994 0.001575604 0.003540802 2.232315e-07 2.931740e-07 3.800767e-07 4.916352e-07 6.259713e-07
  [2,] 0.003866106 0.005937720 0.006985080 0.004184602 7.544004e-03 3.085408e-07 4.064117e-07 5.238027e-07 6.703045e-07
             [,317]       [,318]       [,319]       [,320]      [,321]      [,322]      [,323]      [,324]       [,325]
  [1,] 7.999440e-07 1.046199e-06 1.512360e-06 2.584449e-06 0.064529740 0.074620211 0.095947757 0.188749549 0.2334282826
  [2,] 8.585631e-07 1.103085e-06 1.601542e-06 3.769703e-02 0.134571892 0.134514293 0.126883358 0.165727170 0.2933617767
             [,326]       [,327]       [,328]       [,329]       [,330]       [,331]      [,332]      [,333]      [,334]
  [1,] 0.3192718272 0.3909212731 0.4431680379 0.4751216291 0.4999895493 0.5430239212 0.566229816 0.594967562 0.591372121
  [2,] 0.4551652056 0.4877903232 0.5283282137 0.5570728005 0.5877718130 0.6419588754 0.659147551 0.689224097 0.682332981
            [,335]      [,336]      [,337]      [,338]      [,339]      [,340]      [,341]     [,342]      [,343]
  [1,] 0.560952699 0.593541242 0.579861120 0.546738901 0.508649395 0.466865495 0.412790592 0.37717285 0.318079047
  [2,] 0.643882122 0.666712959 0.615933863 0.567047745 0.551348087 0.513996101 0.470324535 0.40132148 0.369341650
            [,344]     [,345]     [,346]     [,347]     [,348]     [,349]
  [1,] 0.287208402 0.24656344 0.20888043 0.17370918 0.14406167 0.11728165
  [2,] 0.317831211 0.27108640 0.23040647 0.19289587 0.15913549 0.12955336
 [ reached getOption("max.print") -- omitted 438 rows ]

$stats$delta
[1] 0.5903188

$stats$absRecoveryRate
[1] 0.3959255

$stats$uniqRecoveryRate
[1] 0.3507948


$params
$params$startX
[1] 8560

$params$startY
[1] 8545

$params$XDist
[1] 440

$params$YDist
[1] 349

$params$inputFileType
[1] "netcdf"

$params$seriesName
[1] "z"

$params$cellSize
[1] 50

$params$userSensorList
[1] "371, 38, 353, 38, 335, 38, 315, 38, 297, 38, 277, 38, 259, 38, 239, 38, 103, 270, 95, 270, 87, 270, 301, 69, 269, 51, 180, 120, 174, 2, 194, 2, 211, 2, 232, 1, 252, 2, 270, 2, 290, 2, 310, 2, 327, 2, 348, 2, 165, 50, 182, 78, 50, 347, 37, 343, 23, 338, 9, 333, 103, 219, 89, 255, 140, 209, 255, 136, 219, 87, 143, 172, 266, 97, 220, 124, 79, 305, 162, 155, 44, 303"

$params$dpcR
[1] 0.0004999688

$params$dpcC
[1] 0.0004999722

$params$inputFile
[1] "src/himbsyn.bathy.v19.grd/himbsyn.bathy.v19.grd"

$params$north
[1] 21.4474

$params$south
[1] 21.27267

$params$west
[1] -157.72

$params$east
[1] -157.5

$params$fishmodel
[1] "rw"

$params$mux
[1] 0

$params$muy
[1] 0

$params$ousdx
[1] 0

$params$ousdy
[1] 0

$params$oucor
[1] 0

$params$numSensors
[1] 4

$params$projectedSensors
[1] 0

$params$bias
[1] 3

$params$sensorElevation
[1] 6.1

$params$shapeFcn
[1] "shape.gauss"

$params$peak
[1] 0.98

$params$detectionRange
[1] 847

$params$suppressionRangeFactor
[1] 2

$params$suppressionFcn
[1] "suppression.scale"

$params$maxsuppressionValue
[1] 1

$params$minsuppressionValue
[1] 0.5

$params$timestamp
[1] 1496275802

$params$numUserSensors
[1] 41

$params$sd
[1] 8.681356

$params$suppsd
[1] 17.36271

$params$range
[1] 26

$params$suppressionRange
[1] 34

$params$startLatN
[1] 25

$params$startLatS
[1] 17

$params$startLon
[1] 24

$params$Roffset
[1] 0

$params$Coffset
[1] 0

$params$vhabitat
[1] 1

$params$mindepth
[1] -75

$params$maxdepth
[1] -450

$params$depthPreference
[1] 1

$params$dp
[1] 6

$params$dpsd
[1] 2

$params$sensorList
$params$sensorList[[1]]
$params$sensorList[[1]]$r
[1] 38

$params$sensorList[[1]]$c
[1] 371


$params$sensorList[[2]]
$params$sensorList[[2]]$r
[1] 38

$params$sensorList[[2]]$c
[1] 353


$params$sensorList[[3]]
$params$sensorList[[3]]$r
[1] 38

$params$sensorList[[3]]$c
[1] 335


$params$sensorList[[4]]
$params$sensorList[[4]]$r
[1] 38

$params$sensorList[[4]]$c
[1] 315


$params$sensorList[[5]]
$params$sensorList[[5]]$r
[1] 38

$params$sensorList[[5]]$c
[1] 297


$params$sensorList[[6]]
$params$sensorList[[6]]$r
[1] 38

$params$sensorList[[6]]$c
[1] 277


$params$sensorList[[7]]
$params$sensorList[[7]]$r
[1] 38

$params$sensorList[[7]]$c
[1] 259


$params$sensorList[[8]]
$params$sensorList[[8]]$r
[1] 38

$params$sensorList[[8]]$c
[1] 239


$params$sensorList[[9]]
$params$sensorList[[9]]$r
[1] 270

$params$sensorList[[9]]$c
[1] 103


$params$sensorList[[10]]
$params$sensorList[[10]]$r
[1] 270

$params$sensorList[[10]]$c
[1] 95


$params$sensorList[[11]]
$params$sensorList[[11]]$r
[1] 270

$params$sensorList[[11]]$c
[1] 87


$params$sensorList[[12]]
$params$sensorList[[12]]$r
[1] 69

$params$sensorList[[12]]$c
[1] 301


$params$sensorList[[13]]
$params$sensorList[[13]]$r
[1] 51

$params$sensorList[[13]]$c
[1] 269


$params$sensorList[[14]]
$params$sensorList[[14]]$r
[1] 120

$params$sensorList[[14]]$c
[1] 180


$params$sensorList[[15]]
$params$sensorList[[15]]$r
[1] 2

$params$sensorList[[15]]$c
[1] 174


$params$sensorList[[16]]
$params$sensorList[[16]]$r
[1] 2

$params$sensorList[[16]]$c
[1] 194


$params$sensorList[[17]]
$params$sensorList[[17]]$r
[1] 2

$params$sensorList[[17]]$c
[1] 211


$params$sensorList[[18]]
$params$sensorList[[18]]$r
[1] 1

$params$sensorList[[18]]$c
[1] 232


$params$sensorList[[19]]
$params$sensorList[[19]]$r
[1] 2

$params$sensorList[[19]]$c
[1] 252


$params$sensorList[[20]]
$params$sensorList[[20]]$r
[1] 2

$params$sensorList[[20]]$c
[1] 270


$params$sensorList[[21]]
$params$sensorList[[21]]$r
[1] 2

$params$sensorList[[21]]$c
[1] 290


$params$sensorList[[22]]
$params$sensorList[[22]]$r
[1] 2

$params$sensorList[[22]]$c
[1] 310


$params$sensorList[[23]]
$params$sensorList[[23]]$r
[1] 2

$params$sensorList[[23]]$c
[1] 327


$params$sensorList[[24]]
$params$sensorList[[24]]$r
[1] 2

$params$sensorList[[24]]$c
[1] 348


$params$sensorList[[25]]
$params$sensorList[[25]]$r
[1] 50

$params$sensorList[[25]]$c
[1] 165


$params$sensorList[[26]]
$params$sensorList[[26]]$r
[1] 78

$params$sensorList[[26]]$c
[1] 182


$params$sensorList[[27]]
$params$sensorList[[27]]$r
[1] 347

$params$sensorList[[27]]$c
[1] 50


$params$sensorList[[28]]
$params$sensorList[[28]]$r
[1] 343

$params$sensorList[[28]]$c
[1] 37


$params$sensorList[[29]]
$params$sensorList[[29]]$r
[1] 338

$params$sensorList[[29]]$c
[1] 23


$params$sensorList[[30]]
$params$sensorList[[30]]$r
[1] 333

$params$sensorList[[30]]$c
[1] 9


$params$sensorList[[31]]
$params$sensorList[[31]]$r
[1] 219

$params$sensorList[[31]]$c
[1] 103


$params$sensorList[[32]]
$params$sensorList[[32]]$r
[1] 255

$params$sensorList[[32]]$c
[1] 89


$params$sensorList[[33]]
$params$sensorList[[33]]$r
[1] 209

$params$sensorList[[33]]$c
[1] 140


$params$sensorList[[34]]
$params$sensorList[[34]]$r
[1] 136

$params$sensorList[[34]]$c
[1] 255


$params$sensorList[[35]]
$params$sensorList[[35]]$r
[1] 87

$params$sensorList[[35]]$c
[1] 219


$params$sensorList[[36]]
$params$sensorList[[36]]$r
[1] 172

$params$sensorList[[36]]$c
[1] 143


$params$sensorList[[37]]
$params$sensorList[[37]]$r
[1] 97

$params$sensorList[[37]]$c
[1] 266


$params$sensorList[[38]]
$params$sensorList[[38]]$r
[1] 124

$params$sensorList[[38]]$c
[1] 220


$params$sensorList[[39]]
$params$sensorList[[39]]$r
[1] 305

$params$sensorList[[39]]$c
[1] 79


$params$sensorList[[40]]
$params$sensorList[[40]]$r
[1] 155

$params$sensorList[[40]]$c
[1] 162


$params$sensorList[[41]]
$params$sensorList[[41]]$r
[1] 303

$params$sensorList[[41]]$c
[1] 44




$errors
NULL

$runTime
Time difference of 1.738583 hours

