Longitude	Latitude	Elevation, m	Distance (km)
-157.79622	21.430555	-10.876206	0.0
-157.7956	21.430546	-11.437065	0.06588356
-157.79495	21.430538	-11.604746	0.13176726
-157.79431	21.430529	-11.724237	0.19765082
-157.79369	21.43052	-11.762964	0.2635343
-157.79305	21.430511	-12.046788	0.32941788
-157.7924	21.430502	-12.500992	0.39530146
-157.79176	21.430492	-13.564732	0.46118516
-157.79114	21.430483	-14.699113	0.52706885
-157.7905	21.430475	-11.706057	0.59295255
-157.78986	21.430466	-1.2362633	0.65883625
-157.78923	21.430456	-0.031513445	0.72472
-157.78859	21.430449	-0.09231359	0.79060364
-157.78795	21.430439	-0.24816117	0.8564873
-157.78731	21.43043	-4.387314	0.922371
-157.78668	21.430422	-14.115621	0.98825467
-157.78604	21.430412	-12.072632	1.0541383
-157.7854	21.430403	-4.4282227	1.120022
-157.78477	21.430395	-3.007908	1.1859057
-157.78413	21.430386	-6.912886	1.2517893
-157.7835	21.430376	-12.946063	1.317673
-157.78285	21.430368	-13.186345	1.3835567
-157.78223	21.430359	-13.901952	1.4494405
-157.78159	21.43035	-14.216223	1.5153241
-157.78094	21.430342	-14.20258	1.5812078
-157.78032	21.430332	-14.184801	1.6470914
-157.77968	21.430323	-14.11472	1.712975
-157.77904	21.430315	-14.08009	1.7788587
-157.7784	21.430305	-13.734932	1.8447423
-157.77777	21.430296	-13.923116	1.910626
-157.77713	21.430288	-13.750563	1.9765098
-157.77649	21.430279	-13.599165	2.0423937
-157.77586	21.43027	-13.149197	2.1082776
-157.77522	21.43026	-12.645596	2.1741614
-157.77458	21.430252	-12.174773	2.240045
-157.77396	21.430243	-12.733638	2.305929
-157.77332	21.430233	-12.462985	2.3718128
-157.77267	21.430225	-12.268992	2.4376967
-157.77203	21.430216	-12.3616905	2.5035803
-157.77141	21.430206	-11.371043	2.5694642
-157.77077	21.430199	-10.836915	2.635348
-157.77013	21.43019	-9.502681	2.7012317
-157.7695	21.43018	-2.648335	2.7671156
-157.76886	21.430172	-2.1037803	2.8329995
-157.76822	21.430162	-1.0487168	2.8988833
-157.76758	21.430153	0.015674107	2.9647672
-157.76695	21.430145	1.0686713	3.030651
-157.76631	21.430136	2.0948	3.096535
-157.76567	21.430126	3.076511	3.1624188
-157.76505	21.430119	3.6232717	3.2283027
-157.7644	21.430109	6.6267195	3.2941866
-157.76376	21.4301	6.9408097	3.3600705
-157.76312	21.430092	4.866393	3.4259543
-157.7625	21.430082	5.2057405	3.4918382
-157.76186	21.430073	8.673611	3.557722
-157.76122	21.430065	10.481261	3.623606
-157.76059	21.430056	5.7154694	3.6894898
-157.75995	21.430046	8.006987	3.7553737
-157.75931	21.430038	8.099153	3.8212576
-157.75867	21.430029	6.164738	3.8871415
-157.75804	21.43002	9.236373	3.9530253
-157.7574	21.43001	13.142087	4.0189095
-157.75676	21.430002	10.37425	4.084793
-157.75613	21.429993	7.186769	4.150677
-157.7555	21.429983	4.8614254	4.216561
-157.75485	21.429976	3.6992989	4.2824445
-157.75421	21.429966	4.1146216	4.3483286
-157.75359	21.429956	7.151294	4.4142127
-157.75294	21.429949	3.0836012	4.480097
-157.7523	21.42994	0.7982293	4.5459805
-157.75168	21.42993	0.989907	4.611864
-157.75104	21.429922	1.2298898	4.6777477
-157.7504	21.429913	6.358543	4.7436314
-157.74977	21.429903	2.1807296	4.8095155
-157.74913	21.429895	0.86598295	4.8753996
-157.74849	21.429886	0.47855482	4.941283
-157.74785	21.429876	0.36695737	5.0071673
-157.74722	21.429869	1.1785923	5.0730515
-157.74658	21.42986	1.8886895	5.1389356
-157.74594	21.42985	3.3668823	5.2048197
-157.74532	21.429842	6.4980416	5.270704
-157.74467	21.429832	8.107017	5.336588
-157.74403	21.429823	10.622315	5.4024715
-157.7434	21.429815	10.269014	5.4683557
-157.74277	21.429806	6.705622	5.53424
-157.74213	21.429796	3.7454782	5.600124
-157.74149	21.429787	0.57220554	5.666008
-157.74086	21.42978	0.9187486	5.731892
-157.74022	21.42977	0.98787564	5.797776
-157.73958	21.42976	1.0004448	5.8636603
-157.73894	21.429752	1.0001911	5.9295444
-157.73831	21.429743	0.78017706	5.995428
-157.73767	21.429733	-0.9155133	6.0613117
-157.73703	21.429726	-1.2132802	6.127196
-157.7364	21.429716	-2.1110878	6.19308
-157.73576	21.429707	-2.8497322	6.258964
-157.73512	21.429699	-3.432604	6.324848
-157.73448	21.42969	-3.9081867	6.3907323
-157.73386	21.42968	-4.4479957	6.4566164
-157.73322	21.429672	-5.199441	6.5225005
-157.73257	21.429663	-5.7528114	6.5883846
-157.73195	21.429653	-6.137997	6.6542687
-157.73131	21.429646	-6.7962017	6.720153
-157.73067	21.429636	-7.543906	6.786037
-157.73004	21.429626	-8.178498	6.851921
-157.7294	21.429619	-8.723873	6.917805
-157.72876	21.42961	-9.174388	6.9836893
-157.72812	21.4296	-9.491713	7.0495734
-157.7275	21.429592	-9.785181	7.1154575
-157.72685	21.429583	-10.3245945	7.1813416
-157.72621	21.429573	-10.947115	7.2472258
-157.72559	21.429565	-11.5490465	7.31311
-157.72495	21.429556	-12.011357	7.378994
-157.7243	21.429546	-12.293353	7.444878
-157.72366	21.429537	-12.470128	7.510762
-157.72304	21.42953	-12.631602	7.5766463
-157.7224	21.42952	-12.879222	7.6425304
-157.72176	21.42951	-13.328288	7.7084146
-157.72113	21.429502	-14.075401	7.7742987
-157.72049	21.429493	-14.830517	7.840183
-157.71985	21.429483	-15.576209	7.906067
-157.71921	21.429476	-16.206905	7.971951
-157.71858	21.429466	-17.375366	8.037835
-157.71794	21.429457	-19.931938	8.103719
-157.7173	21.42945	-23.072983	8.169602
-157.71667	21.42944	-26.47054	8.235486
-157.71603	21.42943	-30.235922	8.30137
-157.7154	21.429422	-34.34945	8.367253
-157.71475	21.429413	-38.873833	8.433138
-157.71413	21.429403	-43.262974	8.4990225
-157.71349	21.429396	-46.897373	8.564907
-157.71284	21.429386	-52.01227	8.630791
-157.71222	21.429377	-58.79571	8.696675
-157.71158	21.429369	-63.609764	8.76256
-157.71094	21.42936	-68.797195	8.828444
-157.71031	21.42935	-77.64112	8.894328
-157.70967	21.429342	-90.92138	8.960213
-157.70903	21.429333	-109.51514	9.026097
-157.70839	21.429323	-125.52369	9.091981
-157.70776	21.429316	-138.37042	9.157865
-157.70712	21.429306	-152.80103	9.223748
-157.70648	21.429296	-166.22668	9.289633
-157.70586	21.429287	-175.92351	9.355517
-157.70522	21.42928	-181.69342	9.421402
-157.70457	21.42927	-183.87523	9.487287
-157.70393	21.42926	-187.59929	9.553171
-157.70331	21.429253	-192.48093	9.619055
-157.70267	21.429243	-194.74687	9.684938
-157.70203	21.429234	-201.11717	9.750822
-157.7014	21.429226	-217.08736	9.816707
-157.70076	21.429216	-239.7708	9.882591
-157.70012	21.429207	-265.2531	9.948476
-157.69948	21.4292	-282.3614	10.014359
-157.69885	21.42919	-289.60678	10.080244
-157.69821	21.42918	-284.9607	10.146129
-157.69757	21.429173	-274.58936	10.212013
-157.69695	21.429163	-262.62762	10.277898
-157.6963	21.429153	-255.15965	10.343782
-157.69566	21.429146	-252.81583	10.409667
-157.69502	21.429136	-250.73361	10.475552
-157.6944	21.429127	-252.55664	10.541436
-157.69376	21.42912	-263.3033	10.607321
-157.69312	21.42911	-272.38138	10.673205
-157.69249	21.4291	-274.89816	10.73909
-157.69185	21.429092	-269.28934	10.804975
-157.69121	21.429083	-260.71957	10.870859
-157.69058	21.429073	-259.7338	10.936744
-157.68994	21.429064	-262.0531	11.002628
-157.6893	21.429056	-265.44904	11.068513
-157.68866	21.429047	-269.70316	11.1343975
-157.68803	21.429037	-273.35916	11.200282
-157.6874	21.42903	-272.17786	11.266167
-157.68675	21.42902	-268.4579	11.332051
-157.68613	21.42901	-264.92123	11.397936
-157.68549	21.429003	-263.25604	11.46382
-157.68484	21.428993	-264.88055	11.529705
-157.6842	21.428984	-267.5865	11.59559
-157.68358	21.428976	-271.0285	11.661474
-157.68294	21.428967	-275.3637	11.727359
-157.6823	21.428957	-280.2559	11.793243
-157.68167	21.42895	-285.34406	11.859128
-157.68103	21.42894	-290.72165	11.925013
-157.68039	21.42893	-296.3012	11.990897
-157.67975	21.428923	-301.42047	12.056782
-157.67912	21.428913	-306.54907	12.122666
-157.67848	21.428904	-312.75705	12.188551
-157.67784	21.428896	-319.3225	12.254436
-157.67722	21.428886	-325.80255	12.32032
-157.67657	21.428877	-331.38535	12.386205
-157.67593	21.42887	-336.03094	12.452089
-157.6753	21.42886	-340.5773	12.517974
-157.67467	21.42885	-345.71124	12.5838585
-157.67403	21.428843	-349.86707	12.649743
-157.67339	21.428833	-347.3066	12.715628
-157.67276	21.428823	-354.26508	12.781512
-157.67212	21.428814	-360.7689	12.847397
-157.67148	21.428806	-366.34894	12.913281
-157.67085	21.428797	-386.0585	12.979166
-157.67021	21.428787	-388.57632	13.045051
-157.66957	21.42878	-391.57468	13.110935
-157.66893	21.42877	-394.9203	13.17682
-157.6683	21.42876	-398.69495	13.242704
-157.66766	21.428753	-403.70023	13.308589
-157.66702	21.428743	-409.58548	13.374474
-157.6664	21.428734	-415.74457	13.440358
-157.66576	21.428726	-421.91818	13.506243
-157.66512	21.428717	-427.77252	13.572127
-157.66447	21.428707	-433.34055	13.638012
-157.66385	21.4287	-438.5791	13.7038965
-157.66321	21.42869	-443.3855	13.769781
-157.66257	21.42868	-447.96677	13.835666
-157.66194	21.428673	-452.44373	13.90155
-157.6613	21.428663	-457.4687	13.967435
-157.66066	21.428654	-463.55286	14.033319
-157.66002	21.428646	-470.48798	14.099204
-157.6594	21.428637	-478.8031	14.165089
-157.65875	21.428627	-489.8106	14.230973
-157.65811	21.42862	-502.90118	14.296858
-157.65749	21.42861	-517.5962	14.362742
-157.65685	21.4286	-533.9493	14.428627
-157.6562	21.42859	-551.4172	14.494512
-157.65556	21.428583	-568.44617	14.560396
-157.65494	21.428574	-583.4605	14.626281
-157.6543	21.428564	-594.20715	14.692165
-157.65366	21.428556	-601.3194	14.75805
-157.65303	21.428547	-604.94434	14.823935
-157.65239	21.428537	-607.03503	14.889819
-157.65175	21.42853	-608.6236	14.955704
-157.65112	21.42852	-610.72626	15.021588
-157.65048	21.42851	-613.0967	15.087473
-157.64984	21.428503	-615.4633	15.1533575
-157.6492	21.428493	-617.5306	15.219242
-157.64857	21.428484	-619.2065	15.285127
-157.64793	21.428476	-621.55566	15.351011
-157.6473	21.428467	-624.7157	15.416896
-157.64667	21.428457	-628.4471	15.48278
-157.64603	21.42845	-633.01215	15.548665
-157.64539	21.42844	-638.6871	15.61455
-157.64474	21.42843	-645.2056	15.680434
-157.64412	21.428423	-652.15515	15.746319
-157.64348	21.428413	-658.42865	15.812203
-157.64284	21.428404	-663.4965	15.878088
-157.64221	21.428396	-666.6766	15.943973
-157.64157	21.428387	-668.3645	16.009857
-157.64093	21.428377	-668.79065	16.075743
-157.64029	21.42837	-669.25916	16.141628
-157.63966	21.42836	-672.4026	16.207512
-157.63902	21.42835	-675.5201	16.273396
-157.63838	21.42834	-677.8112	16.339281
-157.63776	21.428333	-680.6595	16.405167
-157.63712	21.428324	-683.02277	16.471052
-157.63647	21.428314	-685.6654	16.536938
-157.63583	21.428307	-682.446	16.602823
-157.63521	21.428297	-683.5714	16.668709
-157.63457	21.428288	-685.88586	16.734594
-157.63393	21.42828	-687.8894	16.80048
-157.6333	21.42827	-689.9519	16.866365
-157.63266	21.42826	-692.18604	16.932251
-157.63202	21.428253	-694.607	16.998137
-157.6314	21.428244	-696.8433	17.064022
-157.63075	21.428234	-698.90784	17.129908
-157.63011	21.428226	-700.9149	17.195793
-157.62947	21.428217	-702.61707	17.261679
-157.62885	21.428207	-703.85864	17.327564
-157.6282	21.4282	-705.1173	17.393448
-157.62756	21.42819	-706.45514	17.459333
-157.62694	21.42818	-707.73114	17.525219
-157.6263	21.428173	-708.8974	17.591105
-157.62566	21.428164	-709.9041	17.65699
-157.62502	21.428154	-710.6291	17.722876
-157.62439	21.428146	-711.0268	17.788761
-157.62375	21.428137	-711.26184	17.854647
-157.62311	21.428127	-711.4262	17.920532
-157.62248	21.428118	-711.64154	17.986418
-157.62184	21.42811	-711.8393	18.052303
-157.6212	21.4281	-711.9332	18.118189
-157.62056	21.428091	-712.74835	18.184074
-157.61993	21.428083	-714.3087	18.24996
-157.6193	21.428074	-715.7156	18.315845
-157.61865	21.428064	-716.58185	18.381731
-157.61803	21.428057	-716.2854	18.447617
-157.61739	21.428047	-715.16846	18.513502
-157.61674	21.428038	-713.38324	18.579388
-157.6161	21.42803	-711.64014	18.645273
-157.61548	21.42802	-709.9669	18.711159
-157.61484	21.42801	-707.7314	18.777044
-157.6142	21.428003	-705.32324	18.84293
-157.61357	21.427994	-703.1673	18.908815
-157.61293	21.427984	-700.8139	18.9747
-157.61229	21.427977	-698.16815	19.040586
-157.61165	21.427967	-695.90234	19.106472
-157.61102	21.427958	-693.826	19.172358
-157.61038	21.42795	-691.91565	19.238243
-157.60974	21.42794	-688.518	19.304129
-157.60912	21.42793	-681.8429	19.370014
-157.60847	21.427923	-676.79535	19.4359
-157.60783	21.427914	-674.44574	19.501785
-157.60721	21.427904	-672.4599	19.56767
-157.60657	21.427896	-670.6236	19.633556
-157.60593	21.427887	-668.6211	19.699442
-157.60529	21.427877	-666.71906	19.765327
-157.60466	21.427868	-665.039	19.831213
-157.60402	21.42786	-663.398	19.897099
-157.60338	21.42785	-661.8106	19.962984
-157.60275	21.427841	-660.36005	20.02887
-157.60211	21.427834	-659.09033	20.094755
-157.60147	21.427824	-658.0255	20.16064
-157.60083	21.427814	-657.4645	20.226526
-157.6002	21.427807	-656.90216	20.292412
-157.59956	21.427797	-655.93286	20.358297
-157.59892	21.427788	-655.07214	20.424183
-157.5983	21.42778	-655.1881	20.490068
-157.59766	21.42777	-653.9427	20.555954
-157.59702	21.427761	-652.0935	20.62184
-157.59637	21.427753	-651.98364	20.687725
-157.59575	21.427744	-652.8706	20.75361
-157.59511	21.427734	-654.3461	20.819496
-157.59447	21.427727	-656.1173	20.885382
-157.59384	21.427717	-657.84033	20.951267
-157.5932	21.427708	-659.5934	21.017153
-157.59256	21.4277	-661.3464	21.083038
-157.59192	21.42769	-662.43994	21.148924
-157.5913	21.427681	-663.04315	21.21481
-157.59065	21.427673	-664.0076	21.280695
-157.59001	21.427664	-665.2925	21.34658
-157.58939	21.427654	-666.97925	21.412466
-157.58875	21.427645	-668.50354	21.478352
-157.5881	21.427637	-669.6342	21.544237
-157.58748	21.427628	-670.7242	21.610123
-157.58684	21.427618	-671.8305	21.676008
-157.5862	21.42761	-673.0598	21.741894
-157.58556	21.4276	-674.08875	21.80778
-157.58493	21.427591	-674.6371	21.873665
-157.58429	21.427584	-675.4601	21.93955
-157.58365	21.427574	-676.66846	22.005436
-157.58302	21.427565	-677.90533	22.071321
-157.58238	21.427557	-678.9935	22.137207
-157.58174	21.427547	-679.56775	22.203093
-157.5811	21.427538	-680.29724	22.268978
-157.58047	21.42753	-681.5228	22.334864
-157.57983	21.42752	-682.3906	22.40075
-157.5792	21.427511	-682.9165	22.466635
-157.57857	21.427504	-683.492	22.53252
-157.57793	21.427494	-684.0704	22.598406
-157.57729	21.427485	-684.6501	22.664291
-157.57664	21.427477	-685.2003	22.730177
-157.57602	21.427467	-685.7662	22.796062
-157.57538	21.427458	-686.79614	22.861948
-157.57474	21.42745	-687.9738	22.927834
-157.57411	21.42744	-688.6365	22.99372
-157.57347	21.427431	-689.1415	23.059605
-157.57283	21.427423	-689.68604	23.12549
-157.57219	21.427414	-690.601	23.191376
-157.57156	21.427404	-691.8043	23.257261
-157.57092	21.427395	-692.5475	23.323147
-157.57028	21.427387	-693.06696	23.389032
-157.56966	21.427378	-693.61664	23.454918
-157.56902	21.427368	-694.3913	23.520803
-157.56837	21.42736	-695.5059	23.586689
-157.56775	21.427351	-696.70593	23.652575
-157.56711	21.427341	-697.8452	23.71846
-157.56647	21.427334	-698.4797	23.784346
-157.56583	21.427324	-699.28174	23.850231
-157.5652	21.427315	-700.9242	23.916117
-157.56456	21.427307	-702.68866	23.982002
-157.56392	21.427298	-704.428	24.047888
-157.5633	21.427288	-706.7364	24.113773
-157.56265	21.42728	-709.22186	24.179659
-157.56201	21.42727	-710.8491	24.245544
-157.56137	21.427261	-712.9594	24.31143
-157.56075	21.427254	-716.5216	24.377316
-157.5601	21.427244	-720.76196	24.443201
-157.55946	21.427235	-718.00415	24.509087
-157.55884	21.427227	-718.31757	24.574972
-157.5582	21.427217	-719.52686	24.640858
-157.55756	21.427208	-708.0704	24.706743
-157.55692	21.4272	-704.96497	24.772629
-157.55629	21.42719	-698.3366	24.838514
-157.55565	21.427181	-699.1521	24.9044
-157.55501	21.427172	-699.6782	24.970285
-157.55438	21.427164	-699.8558	25.036171
-157.55374	21.427155	-699.9639	25.102057
-157.5531	21.427145	-699.4845	25.167942
-157.55246	21.427137	-696.0937	25.233828
-157.55183	21.427128	-720.01764	25.299713
-157.5512	21.427118	-730.73987	25.365599
-157.55055	21.42711	-730.06525	25.431484
-157.54993	21.427101	-727.2409	25.49737
-157.54929	21.427092	-726.4388	25.563255
-157.54865	21.427084	-725.2175	25.62914
-157.54802	21.427074	-724.30023	25.695026
-157.54738	21.427065	-723.7978	25.760912
-157.54674	21.427057	-723.50464	25.826797
-157.5461	21.427048	-723.29816	25.892683
-157.54547	21.427038	-722.9691	25.958569
-157.54483	21.42703	-722.9933	26.024454
-157.54419	21.427021	-723.5051	26.09034
-157.54356	21.427011	-723.2653	26.156225
-157.54292	21.427004	-722.5577	26.22211
-157.54228	21.426994	-722.5341	26.287996
-157.54164	21.426985	-722.4982	26.353882
-157.54102	21.426977	-721.8542	26.419767
-157.54037	21.426968	-721.2881	26.485653
-157.53973	21.426958	-720.982	26.551538
-157.53911	21.42695	-720.9075	26.617424
-157.53847	21.42694	-720.89923	26.68331
-157.53783	21.426931	-720.66925	26.749195
-157.53719	21.426922	-720.324	26.81508
-157.53656	21.426914	-719.8754	26.880966
-157.53592	21.426905	-719.9223	26.946852
-157.53528	21.426895	-720.3951	27.012737
-157.53465	21.426888	-720.4728	27.078623
-157.53401	21.426878	-720.38446	27.144508
-157.53337	21.426868	-720.3754	27.210394
-157.53273	21.42686	-720.3697	27.27628
-157.5321	21.426851	-720.36053	27.342165
-157.53146	21.426842	-720.35236	27.40805
-157.53082	21.426834	-720.34784	27.473936
-157.5302	21.426825	-720.2705	27.539822
-157.52956	21.426815	-720.38525	27.605707
-157.52892	21.426807	-720.9489	27.671593
-157.52829	21.426798	-721.6873	27.737478
-157.52765	21.426788	-722.6172	27.803364
-157.52701	21.42678	-724.0048	27.86925
-157.52637	21.426771	-725.912	27.935135
-157.52574	21.426762	-728.5364	28.00102
-157.5251	21.426754	-731.423	28.066906
-157.52446	21.426744	-734.2592	28.132792
-157.52383	21.426735	-737.98334	28.198677
-157.5232	21.426727	-742.45056	28.264563
-157.52255	21.426718	-746.43787	28.330448
-157.52191	21.426708	-750.47864	28.396334
-157.52129	21.426699	-755.1298	28.46222
-157.52065	21.426691	-760.27576	28.528105
-157.52	21.426682	-765.71594	28.59399
-157.51938	21.426672	-770.10016	28.659876
-157.51874	21.426664	-772.9917	28.725761
-157.5181	21.426655	-774.0393	28.791647
-157.51746	21.426645	-773.3557	28.857533
-157.51683	21.426638	-770.917	28.923418
-157.51619	21.426628	-768.54675	28.989304
-157.51555	21.426619	-766.79724	29.05519
-157.51492	21.42661	-764.9711	29.121075
-157.51428	21.426601	-763.1435	29.18696
-157.51364	21.426592	-761.3453	29.252846
-157.513	21.426584	-759.7891	29.318731
-157.51237	21.426575	-758.6347	29.384617
-157.51173	21.426565	-757.4406	29.450502
-157.5111	21.426558	-756.25757	29.516388
-157.51047	21.426548	-755.4461	29.582273
-157.50983	21.426538	-754.9947	29.648159
-157.50919	21.42653	-754.90186	29.714045
-157.50856	21.426521	-755.1788	29.77993
-157.50792	21.426512	-755.78265	29.845816
-157.50728	21.426504	-756.3921	29.911701
-157.50664	21.426495	-756.96783	29.977587
-157.50601	21.426485	-757.538	30.043472
-157.50537	21.426477	-758.1074	30.109358
-157.50473	21.426468	-758.68756	30.175243
-157.5041	21.426458	-759.2727	30.241129
-157.50346	21.426449	-759.85394	30.307014
-157.50282	21.426441	-760.3822	30.3729
-157.50218	21.426432	-761.0456	30.438786
-157.50156	21.426422	-762.12964	30.504671
-157.50092	21.426414	-763.3546	30.570557
-157.50027	21.426405	-764.58	30.636442
-157.49965	21.426395	-765.3921	30.702328
-157.49901	21.426388	-765.94366	30.768213
-157.49837	21.426378	-766.94464	30.834099
-157.49773	21.426369	-768.12726	30.899984
-157.4971	21.426361	-769.2791	30.96587
-157.49646	21.426352	-770.4718	31.031755
-157.49582	21.426342	-771.6579	31.097641
-157.4952	21.426334	-772.43866	31.163527
-157.49455	21.426325	-773.0651	31.229412
-157.49391	21.426315	-774.0732	31.295298
-157.49327	21.426308	-775.2114	31.361183
-157.49265	21.426298	-776.36395	31.427069
-157.492	21.426289	-777.5342	31.492954
-157.49136	21.426281	-778.7025	31.55884
-157.49074	21.426271	-779.95386	31.624725
-157.4901	21.426262	-781.08685	31.69061
-157.48946	21.426254	-781.7475	31.756496
-157.48882	21.426245	-782.4649	31.822382
-157.48819	21.426235	-783.4972	31.888268
-157.48755	21.426226	-784.608	31.954153
-157.48691	21.426218	-785.7724	32.02004
-157.48628	21.426208	-787.0624	32.085926
-157.48564	21.426199	-788.1631	32.151814
-157.485	21.426191	-788.6795	32.2177
-157.48438	21.426182	-789.2336	32.28359
-157.48373	21.426172	-790.034	32.349472
-157.4831	21.426165	-790.6534	32.41536
-157.48245	21.426155	-791.2524	32.481247
-157.48183	21.426146	-792.24554	32.547134
-157.48119	21.426138	-793.2719	32.61302
-157.48055	21.426128	-794.12286	32.67891
-157.47992	21.426119	-794.5909	32.744797
-157.47928	21.426111	-794.721	32.810684
-157.47864	21.426102	-795.09216	32.87657
-157.478	21.426092	-795.4378	32.94246
-157.47737	21.426085	-795.33777	33.008347
-157.47673	21.426075	-795.4552	33.074234
-157.47609	21.426065	-796.1117	33.14012
-157.47546	21.426058	-796.72205	33.20601
-157.47482	21.426048	-797.3174	33.271896
-157.47418	21.426039	-798.1797	33.337784
-157.47354	21.426031	-799.21185	33.40367
-157.47292	21.426022	-800.3923	33.46956
-157.47227	21.426012	-801.4398	33.535446
-157.47163	21.426003	-802.2666	33.601334
-157.47101	21.425995	-803.1399	33.66722
-157.47037	21.425985	-803.967	33.73311
-157.46973	21.425976	-804.5841	33.798996
-157.46909	21.425968	-805.1066	33.864883
-157.46846	21.425959	-805.58936	33.93077
-157.46782	21.42595	-806.52826	33.99666
-157.46718	21.425941	-807.8256	34.062546
-157.46655	21.425932	-808.5181	34.128433
-157.46591	21.425922	-809.03656	34.19432
-157.46527	21.425915	-809.98755	34.26021
-157.46465	21.425905	-810.85547	34.326096
-157.464	21.425896	-811.4115	34.391983
-157.46336	21.425888	-811.73114	34.45787
-157.46272	21.425879	-811.9535	34.523758
-157.4621	21.425869	-812.49493	34.589645
-157.46146	21.425861	-813.06476	34.655533
-157.46082	21.425852	-813.4083	34.72142
-157.46019	21.425842	-813.67	34.787308
-157.45955	21.425835	-813.8969	34.853195
-157.45891	21.425825	-814.38184	34.919083
-157.45827	21.425816	-814.98285	34.98497
-157.45764	21.425808	-815.37726	35.050858
-157.457	21.425798	-815.8084	35.116745
-157.45636	21.425789	-816.4022	35.182632
-157.45573	21.425781	-817.00397	35.24852
-157.4551	21.425772	-817.5885	35.314407
-157.45445	21.425762	-818.21106	35.380295
-157.45381	21.425753	-818.7571	35.446182
-157.45319	21.425745	-819.01154	35.51207
-157.45255	21.425735	-819.3222	35.577957
-157.4519	21.425726	-819.8976	35.643845
-157.45128	21.425718	-820.8341	35.709732
-157.45064	21.425709	-821.9281	35.77562
-157.45	21.4257	-822.6124	35.841507
