-157.793750000000017 21.4937499999999986 -17
-157.78125 21.4937499999999986 -64
-157.768750000000011 21.4937499999999986 -64
-157.756249999999994 21.4937499999999986 -127
-157.743750000000006 21.4937499999999986 -79
-157.731250000000017 21.4937499999999986 -91
-157.71875 21.4937499999999986 -91
-157.706250000000011 21.4937499999999986 -145
-157.693749999999994 21.4937499999999986 -268
-157.681250000000006 21.4937499999999986 -548
-157.668749999999989 21.4937499999999986 -548
-157.65625 21.4937499999999986 -735
-157.643750000000011 21.4937499999999986 -917
-157.631249999999994 21.4937499999999986 -934
-157.618750000000006 21.4937499999999986 -934
-157.606249999999989 21.4937499999999986 -902
-157.59375 21.4937499999999986 -994
-157.581249999999983 21.4937499999999986 -975
-157.568749999999994 21.4937499999999986 -975
-157.556250000000006 21.4937499999999986 -900
-157.543749999999989 21.4937499999999986 -895
-157.53125 21.4937499999999986 -929
-157.518749999999983 21.4937499999999986 -929
-157.506249999999994 21.4937499999999986 -898
-157.793750000000017 21.4812499999999993 -6
-157.78125 21.4812499999999993 -10
-157.768750000000011 21.4812499999999993 -10
-157.756249999999994 21.4812499999999993 -27
-157.743750000000006 21.4812499999999993 -20
-157.731250000000017 21.4812499999999993 -20
-157.71875 21.4812499999999993 -20
-157.706250000000011 21.4812499999999993 -102
-157.693749999999994 21.4812499999999993 -347
-157.681250000000006 21.4812499999999993 -547
-157.668749999999989 21.4812499999999993 -547
-157.65625 21.4812499999999993 -756
-157.643750000000011 21.4812499999999993 -792
-157.631249999999994 21.4812499999999993 -824
-157.618750000000006 21.4812499999999993 -824
-157.606249999999989 21.4812499999999993 -766
-157.59375 21.4812499999999993 -755
-157.581249999999983 21.4812499999999993 -713
-157.568749999999994 21.4812499999999993 -713
-157.556250000000006 21.4812499999999993 -700
-157.543749999999989 21.4812499999999993 -721
-157.53125 21.4812499999999993 -734
-157.518749999999983 21.4812499999999993 -734
-157.506249999999994 21.4812499999999993 -756
-157.793750000000017 21.46875 -6
-157.78125 21.46875 -10
-157.768750000000011 21.46875 -10
-157.756249999999994 21.46875 -27
-157.743750000000006 21.46875 -20
-157.731250000000017 21.46875 -20
-157.71875 21.46875 -20
-157.706250000000011 21.46875 -102
-157.693749999999994 21.46875 -347
-157.681250000000006 21.46875 -547
-157.668749999999989 21.46875 -547
-157.65625 21.46875 -756
-157.643750000000011 21.46875 -792
-157.631249999999994 21.46875 -824
-157.618750000000006 21.46875 -824
-157.606249999999989 21.46875 -766
-157.59375 21.46875 -755
-157.581249999999983 21.46875 -713
-157.568749999999994 21.46875 -713
-157.556250000000006 21.46875 -700
-157.543749999999989 21.46875 -721
-157.53125 21.46875 -734
-157.518749999999983 21.46875 -734
-157.506249999999994 21.46875 -756
-157.793750000000017 21.4562500000000007 -3
-157.78125 21.4562500000000007 7
-157.768750000000011 21.4562500000000007 7
-157.756249999999994 21.4562500000000007 9
-157.743750000000006 21.4562500000000007 43
-157.731250000000017 21.4562500000000007 -34
-157.71875 21.4562500000000007 -34
-157.706250000000011 21.4562500000000007 -216
-157.693749999999994 21.4562500000000007 -463
-157.681250000000006 21.4562500000000007 -607
-157.668749999999989 21.4562500000000007 -607
-157.65625 21.4562500000000007 -685
-157.643750000000011 21.4562500000000007 -752
-157.631249999999994 21.4562500000000007 -743
-157.618750000000006 21.4562500000000007 -743
-157.606249999999989 21.4562500000000007 -679
-157.59375 21.4562500000000007 -686
-157.581249999999983 21.4562500000000007 -685
-157.568749999999994 21.4562500000000007 -685
-157.556250000000006 21.4562500000000007 -702
-157.543749999999989 21.4562500000000007 -726
-157.53125 21.4562500000000007 -744
-157.518749999999983 21.4562500000000007 -744
-157.506249999999994 21.4562500000000007 -766
-157.793750000000017 21.4437500000000014 -11
-157.78125 21.4437500000000014 -1
-157.768750000000011 21.4437500000000014 -1
-157.756249999999994 21.4437500000000014 6
-157.743750000000006 21.4437500000000014 -6
-157.731250000000017 21.4437500000000014 -38
-157.71875 21.4437500000000014 -38
-157.706250000000011 21.4437500000000014 -256
-157.693749999999994 21.4437500000000014 -379
-157.681250000000006 21.4437500000000014 -437
-157.668749999999989 21.4437500000000014 -437
-157.65625 21.4437500000000014 -625
-157.643750000000011 21.4437500000000014 -705
-157.631249999999994 21.4437500000000014 -715
-157.618750000000006 21.4437500000000014 -715
-157.606249999999989 21.4437500000000014 -659
-157.59375 21.4437500000000014 -675
-157.581249999999983 21.4437500000000014 -691
-157.568749999999994 21.4437500000000014 -691
-157.556250000000006 21.4437500000000014 -708
-157.543749999999989 21.4437500000000014 -729
-157.53125 21.4437500000000014 -749
-157.518749999999983 21.4437500000000014 -749
-157.506249999999994 21.4437500000000014 -768
-157.793750000000017 21.4312500000000021 -1
-157.78125 21.4312500000000021 14
-157.768750000000011 21.4312500000000021 14
-157.756249999999994 21.4312500000000021 15
-157.743750000000006 21.4312500000000021 -6
-157.731250000000017 21.4312500000000021 -12
-157.71875 21.4312500000000021 -12
-157.706250000000011 21.4312500000000021 -29
-157.693749999999994 21.4312500000000021 -81
-157.681250000000006 21.4312500000000021 -380
-157.668749999999989 21.4312500000000021 -380
-157.65625 21.4312500000000021 -583
-157.643750000000011 21.4312500000000021 -661
-157.631249999999994 21.4312500000000021 -682
-157.618750000000006 21.4312500000000021 -682
-157.606249999999989 21.4312500000000021 -652
-157.59375 21.4312500000000021 -662
-157.581249999999983 21.4312500000000021 -683
-157.568749999999994 21.4312500000000021 -683
-157.556250000000006 21.4312500000000021 -704
-157.543749999999989 21.4312500000000021 -713
-157.53125 21.4312500000000021 -739
-157.518749999999983 21.4312500000000021 -739
-157.506249999999994 21.4312500000000021 -764
-157.793750000000017 21.4187499999999993 -1
-157.78125 21.4187499999999993 14
-157.768750000000011 21.4187499999999993 14
-157.756249999999994 21.4187499999999993 15
-157.743750000000006 21.4187499999999993 -6
-157.731250000000017 21.4187499999999993 -12
-157.71875 21.4187499999999993 -12
-157.706250000000011 21.4187499999999993 -29
-157.693749999999994 21.4187499999999993 -81
-157.681250000000006 21.4187499999999993 -380
-157.668749999999989 21.4187499999999993 -380
-157.65625 21.4187499999999993 -583
-157.643750000000011 21.4187499999999993 -661
-157.631249999999994 21.4187499999999993 -682
-157.618750000000006 21.4187499999999993 -682
-157.606249999999989 21.4187499999999993 -652
-157.59375 21.4187499999999993 -662
-157.581249999999983 21.4187499999999993 -683
-157.568749999999994 21.4187499999999993 -683
-157.556250000000006 21.4187499999999993 -704
-157.543749999999989 21.4187499999999993 -713
-157.53125 21.4187499999999993 -739
-157.518749999999983 21.4187499999999993 -739
-157.506249999999994 21.4187499999999993 -764
-157.793750000000017 21.40625 96
-157.78125 21.40625 23
-157.768750000000011 21.40625 23
-157.756249999999994 21.40625 5
-157.743750000000006 21.40625 5
-157.731250000000017 21.40625 -2
-157.71875 21.40625 -2
-157.706250000000011 21.40625 -12
-157.693749999999994 21.40625 -42
-157.681250000000006 21.40625 -367
-157.668749999999989 21.40625 -367
-157.65625 21.40625 -438
-157.643750000000011 21.40625 -497
-157.631249999999994 21.40625 -641
-157.618750000000006 21.40625 -641
-157.606249999999989 21.40625 -627
-157.59375 21.40625 -576
-157.581249999999983 21.40625 -586
-157.568749999999994 21.40625 -586
-157.556250000000006 21.40625 -689
-157.543749999999989 21.40625 -702
-157.53125 21.40625 -724
-157.518749999999983 21.40625 -724
-157.506249999999994 21.40625 -757
-157.793750000000017 21.3937500000000007 121
-157.78125 21.3937500000000007 76
-157.768750000000011 21.3937500000000007 76
-157.756249999999994 21.3937500000000007 39
-157.743750000000006 21.3937500000000007 6
-157.731250000000017 21.3937500000000007 84
-157.71875 21.3937500000000007 84
-157.706250000000011 21.3937500000000007 -3
-157.693749999999994 21.3937500000000007 -23
-157.681250000000006 21.3937500000000007 -210
-157.668749999999989 21.3937500000000007 -210
-157.65625 21.3937500000000007 -295
-157.643750000000011 21.3937500000000007 -451
-157.631249999999994 21.3937500000000007 -591
-157.618750000000006 21.3937500000000007 -591
-157.606249999999989 21.3937500000000007 -575
-157.59375 21.3937500000000007 -551
-157.581249999999983 21.3937500000000007 -586
-157.568749999999994 21.3937500000000007 -586
-157.556250000000006 21.3937500000000007 -650
-157.543749999999989 21.3937500000000007 -687
-157.53125 21.3937500000000007 -711
-157.518749999999983 21.3937500000000007 -711
-157.506249999999994 21.3937500000000007 -742
-157.793750000000017 21.3812500000000014 266
-157.78125 21.3812500000000014 43
-157.768750000000011 21.3812500000000014 43
-157.756249999999994 21.3812500000000014 170
-157.743750000000006 21.3812500000000014 47
-157.731250000000017 21.3812500000000014 16
-157.71875 21.3812500000000014 16
-157.706250000000011 21.3812500000000014 -5
-157.693749999999994 21.3812500000000014 -13
-157.681250000000006 21.3812500000000014 -72
-157.668749999999989 21.3812500000000014 -72
-157.65625 21.3812500000000014 -211
-157.643750000000011 21.3812500000000014 -335
-157.631249999999994 21.3812500000000014 -531
-157.618750000000006 21.3812500000000014 -531
-157.606249999999989 21.3812500000000014 -521
-157.59375 21.3812500000000014 -537
-157.581249999999983 21.3812500000000014 -570
-157.568749999999994 21.3812500000000014 -570
-157.556250000000006 21.3812500000000014 -595
-157.543749999999989 21.3812500000000014 -636
-157.53125 21.3812500000000014 -708
-157.518749999999983 21.3812500000000014 -708
-157.506249999999994 21.3812500000000014 -733
-157.793750000000017 21.3687500000000021 266
-157.78125 21.3687500000000021 43
-157.768750000000011 21.3687500000000021 43
-157.756249999999994 21.3687500000000021 170
-157.743750000000006 21.3687500000000021 47
-157.731250000000017 21.3687500000000021 16
-157.71875 21.3687500000000021 16
-157.706250000000011 21.3687500000000021 -5
-157.693749999999994 21.3687500000000021 -13
-157.681250000000006 21.3687500000000021 -72
-157.668749999999989 21.3687500000000021 -72
-157.65625 21.3687500000000021 -211
-157.643750000000011 21.3687500000000021 -335
-157.631249999999994 21.3687500000000021 -531
-157.618750000000006 21.3687500000000021 -531
-157.606249999999989 21.3687500000000021 -521
-157.59375 21.3687500000000021 -537
-157.581249999999983 21.3687500000000021 -570
-157.568749999999994 21.3687500000000021 -570
-157.556250000000006 21.3687500000000021 -595
-157.543749999999989 21.3687500000000021 -636
-157.53125 21.3687500000000021 -708
-157.518749999999983 21.3687500000000021 -708
-157.506249999999994 21.3687500000000021 -733
-157.793750000000017 21.3562500000000028 384
-157.78125 21.3562500000000028 135
-157.768750000000011 21.3562500000000028 135
-157.756249999999994 21.3562500000000028 190
-157.743750000000006 21.3562500000000028 42
-157.731250000000017 21.3562500000000028 11
-157.71875 21.3562500000000028 11
-157.706250000000011 21.3562500000000028 -4
-157.693749999999994 21.3562500000000028 -6
-157.681250000000006 21.3562500000000028 -34
-157.668749999999989 21.3562500000000028 -34
-157.65625 21.3562500000000028 -86
-157.643750000000011 21.3562500000000028 -240
-157.631249999999994 21.3562500000000028 -434
-157.618750000000006 21.3562500000000028 -434
-157.606249999999989 21.3562500000000028 -381
-157.59375 21.3562500000000028 -491
-157.581249999999983 21.3562500000000028 -550
-157.568749999999994 21.3562500000000028 -550
-157.556250000000006 21.3562500000000028 -578
-157.543749999999989 21.3562500000000028 -665
-157.53125 21.3562500000000028 -708
-157.518749999999983 21.3562500000000028 -708
-157.506249999999994 21.3562500000000028 -725
-157.793750000000017 21.34375 496
-157.78125 21.34375 525
-157.768750000000011 21.34375 525
-157.756249999999994 21.34375 279
-157.743750000000006 21.34375 80
-157.731250000000017 21.34375 46
-157.71875 21.34375 46
-157.706250000000011 21.34375 10
-157.693749999999994 21.34375 -2
-157.681250000000006 21.34375 -14
-157.668749999999989 21.34375 -14
-157.65625 21.34375 -46
-157.643750000000011 21.34375 -87
-157.631249999999994 21.34375 -107
-157.618750000000006 21.34375 -107
-157.606249999999989 21.34375 -263
-157.59375 21.34375 -392
-157.581249999999983 21.34375 -490
-157.568749999999994 21.34375 -490
-157.556250000000006 21.34375 -553
-157.543749999999989 21.34375 -584
-157.53125 21.34375 -660
-157.518749999999983 21.34375 -660
-157.506249999999994 21.34375 -689
-157.793750000000017 21.3312500000000007 248
-157.78125 21.3312500000000007 414
-157.768750000000011 21.3312500000000007 414
-157.756249999999994 21.3312500000000007 456
-157.743750000000006 21.3312500000000007 447
-157.731250000000017 21.3312500000000007 377
-157.71875 21.3312500000000007 377
-157.706250000000011 21.3312500000000007 259
-157.693749999999994 21.3312500000000007 222
-157.681250000000006 21.3312500000000007 51
-157.668749999999989 21.3312500000000007 51
-157.65625 21.3312500000000007 -27
-157.643750000000011 21.3312500000000007 -49
-157.631249999999994 21.3312500000000007 -68
-157.618750000000006 21.3312500000000007 -68
-157.606249999999989 21.3312500000000007 -82
-157.59375 21.3312500000000007 -107
-157.581249999999983 21.3312500000000007 -240
-157.568749999999994 21.3312500000000007 -240
-157.556250000000006 21.3312500000000007 -398
-157.543749999999989 21.3312500000000007 -515
-157.53125 21.3312500000000007 -566
-157.518749999999983 21.3312500000000007 -566
-157.506249999999994 21.3312500000000007 -606
-157.793750000000017 21.3187500000000014 248
-157.78125 21.3187500000000014 414
-157.768750000000011 21.3187500000000014 414
-157.756249999999994 21.3187500000000014 456
-157.743750000000006 21.3187500000000014 447
-157.731250000000017 21.3187500000000014 377
-157.71875 21.3187500000000014 377
-157.706250000000011 21.3187500000000014 259
-157.693749999999994 21.3187500000000014 222
-157.681250000000006 21.3187500000000014 51
-157.668749999999989 21.3187500000000014 51
-157.65625 21.3187500000000014 -27
-157.643750000000011 21.3187500000000014 -49
-157.631249999999994 21.3187500000000014 -68
-157.618750000000006 21.3187500000000014 -68
-157.606249999999989 21.3187500000000014 -82
-157.59375 21.3187500000000014 -107
-157.581249999999983 21.3187500000000014 -240
-157.568749999999994 21.3187500000000014 -240
-157.556250000000006 21.3187500000000014 -398
-157.543749999999989 21.3187500000000014 -515
-157.53125 21.3187500000000014 -566
-157.518749999999983 21.3187500000000014 -566
-157.506249999999994 21.3187500000000014 -606
-157.793750000000017 21.3062500000000021 240
-157.78125 21.3062500000000021 320
-157.768750000000011 21.3062500000000021 320
-157.756249999999994 21.3062500000000021 233
-157.743750000000006 21.3062500000000021 172
-157.731250000000017 21.3062500000000021 146
-157.71875 21.3062500000000021 146
-157.706250000000011 21.3062500000000021 120
-157.693749999999994 21.3062500000000021 57
-157.681250000000006 21.3062500000000021 31
-157.668749999999989 21.3062500000000021 31
-157.65625 21.3062500000000021 -2
-157.643750000000011 21.3062500000000021 -51
-157.631249999999994 21.3062500000000021 -70
-157.618750000000006 21.3062500000000021 -70
-157.606249999999989 21.3062500000000021 -79
-157.59375 21.3062500000000021 -88
-157.581249999999983 21.3062500000000021 -106
-157.568749999999994 21.3062500000000021 -106
-157.556250000000006 21.3062500000000021 -274
-157.543749999999989 21.3062500000000021 -442
-157.53125 21.3062500000000021 -514
-157.518749999999983 21.3062500000000021 -514
-157.506249999999994 21.3062500000000021 -542
-157.793750000000017 21.2937500000000028 51
-157.78125 21.2937500000000028 111
-157.768750000000011 21.2937500000000028 111
-157.756249999999994 21.2937500000000028 48
-157.743750000000006 21.2937500000000028 12
-157.731250000000017 21.2937500000000028 3
-157.71875 21.2937500000000028 3
-157.706250000000011 21.2937500000000028 11
-157.693749999999994 21.2937500000000028 158
-157.681250000000006 21.2937500000000028 -13
-157.668749999999989 21.2937500000000028 -13
-157.65625 21.2937500000000028 -33
-157.643750000000011 21.2937500000000028 -72
-157.631249999999994 21.2937500000000028 -80
-157.618750000000006 21.2937500000000028 -80
-157.606249999999989 21.2937500000000028 -86
-157.59375 21.2937500000000028 -92
-157.581249999999983 21.2937500000000028 -138
-157.568749999999994 21.2937500000000028 -138
-157.556250000000006 21.2937500000000028 -293
-157.543749999999989 21.2937500000000028 -432
-157.53125 21.2937500000000028 -548
-157.518749999999983 21.2937500000000028 -548
-157.506249999999994 21.2937500000000028 -565
-157.793750000000017 21.28125 2
-157.78125 21.28125 -8
-157.768750000000011 21.28125 -8
-157.756249999999994 21.28125 -13
-157.743750000000006 21.28125 -14
-157.731250000000017 21.28125 -6
-157.71875 21.28125 -6
-157.706250000000011 21.28125 91
-157.693749999999994 21.28125 -35
-157.681250000000006 21.28125 -49
-157.668749999999989 21.28125 -49
-157.65625 21.28125 -66
-157.643750000000011 21.28125 -77
-157.631249999999994 21.28125 -85
-157.618750000000006 21.28125 -85
-157.606249999999989 21.28125 -88
-157.59375 21.28125 -138
-157.581249999999983 21.28125 -240
-157.568749999999994 21.28125 -240
-157.556250000000006 21.28125 -426
-157.543749999999989 21.28125 -557
-157.53125 21.28125 -631
-157.518749999999983 21.28125 -631
-157.506249999999994 21.28125 -588
-157.793750000000017 21.2687500000000007 2
-157.78125 21.2687500000000007 -8
-157.768750000000011 21.2687500000000007 -8
-157.756249999999994 21.2687500000000007 -13
-157.743750000000006 21.2687500000000007 -14
-157.731250000000017 21.2687500000000007 -6
-157.71875 21.2687500000000007 -6
-157.706250000000011 21.2687500000000007 91
-157.693749999999994 21.2687500000000007 -35
-157.681250000000006 21.2687500000000007 -49
-157.668749999999989 21.2687500000000007 -49
-157.65625 21.2687500000000007 -66
-157.643750000000011 21.2687500000000007 -77
-157.631249999999994 21.2687500000000007 -85
-157.618750000000006 21.2687500000000007 -85
-157.606249999999989 21.2687500000000007 -88
-157.59375 21.2687500000000007 -138
-157.581249999999983 21.2687500000000007 -240
-157.568749999999994 21.2687500000000007 -240
-157.556250000000006 21.2687500000000007 -426
-157.543749999999989 21.2687500000000007 -557
-157.53125 21.2687500000000007 -631
-157.518749999999983 21.2687500000000007 -631
-157.506249999999994 21.2687500000000007 -588
-157.793750000000017 21.2562500000000014 -19
-157.78125 21.2562500000000014 -24
-157.768750000000011 21.2562500000000014 -24
-157.756249999999994 21.2562500000000014 -41
-157.743750000000006 21.2562500000000014 -67
-157.731250000000017 21.2562500000000014 -68
-157.71875 21.2562500000000014 -68
-157.706250000000011 21.2562500000000014 -260
-157.693749999999994 21.2562500000000014 -388
-157.681250000000006 21.2562500000000014 -402
-157.668749999999989 21.2562500000000014 -402
-157.65625 21.2562500000000014 -412
-157.643750000000011 21.2562500000000014 -429
-157.631249999999994 21.2562500000000014 -422
-157.618750000000006 21.2562500000000014 -422
-157.606249999999989 21.2562500000000014 -318
-157.59375 21.2562500000000014 -350
-157.581249999999983 21.2562500000000014 -501
-157.568749999999994 21.2562500000000014 -501
-157.556250000000006 21.2562500000000014 -599
-157.543749999999989 21.2562500000000014 -637
-157.53125 21.2562500000000014 -683
-157.518749999999983 21.2562500000000014 -683
-157.506249999999994 21.2562500000000014 -627
-157.793750000000017 21.2437500000000021 -338
-157.78125 21.2437500000000021 -417
-157.768750000000011 21.2437500000000021 -417
-157.756249999999994 21.2437500000000021 -453
-157.743750000000006 21.2437500000000021 -362
-157.731250000000017 21.2437500000000021 -166
-157.71875 21.2437500000000021 -166
-157.706250000000011 21.2437500000000021 -406
-157.693749999999994 21.2437500000000021 -517
-157.681250000000006 21.2437500000000021 -558
-157.668749999999989 21.2437500000000021 -558
-157.65625 21.2437500000000021 -575
-157.643750000000011 21.2437500000000021 -589
-157.631249999999994 21.2437500000000021 -605
-157.618750000000006 21.2437500000000021 -605
-157.606249999999989 21.2437500000000021 -611
-157.59375 21.2437500000000021 -618
-157.581249999999983 21.2437500000000021 -653
-157.568749999999994 21.2437500000000021 -653
-157.556250000000006 21.2437500000000021 -661
-157.543749999999989 21.2437500000000021 -667
-157.53125 21.2437500000000021 -648
-157.518749999999983 21.2437500000000021 -648
-157.506249999999994 21.2437500000000021 -612
-157.793750000000017 21.2312500000000028 -535
-157.78125 21.2312500000000028 -550
-157.768750000000011 21.2312500000000028 -550
-157.756249999999994 21.2312500000000028 -548
-157.743750000000006 21.2312500000000028 -499
-157.731250000000017 21.2312500000000028 -467
-157.71875 21.2312500000000028 -467
-157.706250000000011 21.2312500000000028 -538
-157.693749999999994 21.2312500000000028 -584
-157.681250000000006 21.2312500000000028 -609
-157.668749999999989 21.2312500000000028 -609
-157.65625 21.2312500000000028 -626
-157.643750000000011 21.2312500000000028 -641
-157.631249999999994 21.2312500000000028 -655
-157.618750000000006 21.2312500000000028 -655
-157.606249999999989 21.2312500000000028 -674
-157.59375 21.2312500000000028 -685
-157.581249999999983 21.2312500000000028 -688
-157.568749999999994 21.2312500000000028 -688
-157.556250000000006 21.2312500000000028 -691
-157.543749999999989 21.2312500000000028 -690
-157.53125 21.2312500000000028 -656
-157.518749999999983 21.2312500000000028 -656
-157.506249999999994 21.2312500000000028 -608
-157.793750000000017 21.2187500000000036 -535
-157.78125 21.2187500000000036 -550
-157.768750000000011 21.2187500000000036 -550
-157.756249999999994 21.2187500000000036 -548
-157.743750000000006 21.2187500000000036 -499
-157.731250000000017 21.2187500000000036 -467
-157.71875 21.2187500000000036 -467
-157.706250000000011 21.2187500000000036 -538
-157.693749999999994 21.2187500000000036 -584
-157.681250000000006 21.2187500000000036 -609
-157.668749999999989 21.2187500000000036 -609
-157.65625 21.2187500000000036 -626
-157.643750000000011 21.2187500000000036 -641
-157.631249999999994 21.2187500000000036 -655
-157.618750000000006 21.2187500000000036 -655
-157.606249999999989 21.2187500000000036 -674
-157.59375 21.2187500000000036 -685
-157.581249999999983 21.2187500000000036 -688
-157.568749999999994 21.2187500000000036 -688
-157.556250000000006 21.2187500000000036 -691
-157.543749999999989 21.2187500000000036 -690
-157.53125 21.2187500000000036 -656
-157.518749999999983 21.2187500000000036 -656
-157.506249999999994 21.2187500000000036 -608
-157.793750000000017 21.2062500000000007 -599
-157.78125 21.2062500000000007 -596
-157.768750000000011 21.2062500000000007 -596
-157.756249999999994 21.2062500000000007 -597
-157.743750000000006 21.2062500000000007 -601
-157.731250000000017 21.2062500000000007 -604
-157.71875 21.2062500000000007 -604
-157.706250000000011 21.2062500000000007 -620
-157.693749999999994 21.2062500000000007 -635
-157.681250000000006 21.2062500000000007 -640
-157.668749999999989 21.2062500000000007 -640
-157.65625 21.2062500000000007 -649
-157.643750000000011 21.2062500000000007 -659
-157.631249999999994 21.2062500000000007 -672
-157.618750000000006 21.2062500000000007 -672
-157.606249999999989 21.2062500000000007 -679
-157.59375 21.2062500000000007 -684
-157.581249999999983 21.2062500000000007 -692
-157.568749999999994 21.2062500000000007 -692
-157.556250000000006 21.2062500000000007 -687
-157.543749999999989 21.2062500000000007 -683
-157.53125 21.2062500000000007 -643
-157.518749999999983 21.2062500000000007 -643
-157.506249999999994 21.2062500000000007 -587
