Longitude	Latitude	Elevation, m	Distance (km)
-157.7	21.292364	3.3030143	0.0
-157.69968	21.292364	3.0123804	0.032942533
-157.69937	21.292364	2.089777	0.0658852
-157.69905	21.292364	7.1017227	0.09882787
-157.69873	21.292364	7.4196153	0.13177054
-157.69841	21.292364	-0.22850701	0.16471334
-157.69809	21.292366	7.092649	0.197656
-157.69777	21.292366	5.98244	0.23059854
-157.69745	21.292366	2.9030263	0.26354092
-157.69714	21.292366	2.9983695	0.2964836
-157.69682	21.292366	3.0661135	0.3294263
-157.6965	21.292366	2.6437812	0.36236882
-157.69618	21.292366	2.021341	0.3953115
-157.69586	21.292366	0.92149895	0.4282542
-157.69554	21.292366	7.1489553	0.46119687
-157.69524	21.292366	16.6258	0.49413955
-157.69492	21.292366	16.368313	0.5270821
-157.6946	21.292368	7.4822845	0.56002474
-157.69427	21.292368	1.3842132	0.5929674
-157.69395	21.292368	0.88351655	0.6259099
-157.69363	21.292368	1.2491868	0.65885276
-157.69333	21.292368	2.0749867	0.6917954
-157.69301	21.292368	2.3892212	0.72473806
-157.69269	21.292368	3.2947822	0.7576807
-157.69237	21.292368	3.8097217	0.79062337
-157.69205	21.292368	5.0335727	0.823566
-157.69173	21.292368	6.1812396	0.8565087
-157.69142	21.292368	7.6614957	0.8894513
-157.6911	21.29237	10.074809	0.92239416
-157.69078	21.29237	12.446541	0.9553368
-157.69046	21.29237	14.18747	0.98827946
-157.69014	21.29237	15.318263	1.0212221
-157.68982	21.29237	16.386063	1.0541646
-157.68951	21.29237	18.329313	1.0871072
-157.6892	21.29237	19.48227	1.1200498
-157.68887	21.29237	20.607328	1.1529926
-157.68855	21.29237	22.291847	1.1859354
-157.68823	21.29237	24.017698	1.218878
-157.68791	21.29237	25.261084	1.2518207
-157.6876	21.292372	27.533964	1.2847633
-157.68729	21.292372	28.984411	1.317706
-157.68697	21.292372	30.57058	1.3506485
-157.68665	21.292372	32.483025	1.3835912
-157.68633	21.292372	33.767616	1.4165338
-157.686	21.292372	37.520252	1.4494762
-157.68568	21.292372	42.853207	1.4824189
-157.68538	21.292372	50.163006	1.5153615
-157.68506	21.292372	55.05921	1.5483042
-157.68474	21.292372	57.835766	1.5812467
-157.68442	21.292372	55.42741	1.6141894
-157.6841	21.292372	53.60946	1.647132
-157.68378	21.292374	60.539173	1.6800747
-157.68347	21.292374	66.20144	1.7130173
-157.68315	21.292374	72.40678	1.74596
-157.68283	21.292374	76.65614	1.7789026
-157.68251	21.292374	79.83362	1.8118453
-157.68219	21.292374	79.386566	1.844788
-157.68187	21.292374	77.396736	1.8777306
-157.68156	21.292374	80.94796	1.9106733
-157.68124	21.292374	85.80484	1.9436159
-157.68092	21.292374	93.63116	1.9765586
-157.6806	21.292374	106.974846	2.0095012
-157.68028	21.292374	112.11326	2.0424438
-157.67996	21.292376	99.146835	2.0753865
-157.67966	21.292376	72.23164	2.1083293
-157.67934	21.292376	60.042683	2.141272
-157.67902	21.292376	55.02014	2.1742146
-157.6787	21.292376	52.837215	2.2071574
-157.67838	21.292376	50.589108	2.2401001
-157.67805	21.292376	49.54852	2.273043
-157.67775	21.292376	48.4505	2.3059857
-157.67743	21.292376	47.319485	2.3389285
-157.67711	21.292376	48.813908	2.3718712
-157.67679	21.292376	50.438023	2.404814
-157.67647	21.292376	55.11632	2.4377568
-157.67615	21.292376	54.39835	2.4706995
-157.67584	21.292377	40.082806	2.5036423
-157.67552	21.292377	30.245522	2.536585
-157.6752	21.292377	25.593357	2.5695279
-157.67488	21.292377	24.37275	2.6024706
-157.67456	21.292377	23.763885	2.6354134
-157.67424	21.292377	23.847717	2.6683562
-157.67392	21.292377	23.022305	2.701299
-157.67361	21.292377	21.825624	2.7342417
-157.6733	21.292377	20.673393	2.7671845
-157.67297	21.292377	19.420956	2.8001273
-157.67265	21.292377	17.803228	2.83307
-157.67233	21.292377	17.341497	2.8660128
-157.67201	21.292377	15.52544	2.8989556
-157.6717	21.292377	14.175917	2.9318984
-157.67139	21.29238	12.770355	2.9648411
-157.67107	21.29238	11.756858	2.997784
-157.67075	21.29238	12.026801	3.0307267
-157.67043	21.29238	12.127847	3.0636694
-157.6701	21.29238	12.086561	3.0966122
-157.6698	21.29238	12.060034	3.1295552
-157.66948	21.29238	11.041769	3.162498
-157.66916	21.29238	9.871646	3.1954408
-157.66884	21.29238	8.863756	3.2283833
-157.66852	21.29238	8.854088	3.2613258
-157.6682	21.29238	8.749589	3.2942686
-157.6679	21.29238	8.867795	3.3272114
-157.66757	21.29238	8.111721	3.360154
-157.66725	21.29238	6.9682784	3.3930967
-157.66693	21.29238	6.7255654	3.4260395
-157.66661	21.292381	5.55957	3.4589822
-157.66629	21.292381	4.9773884	3.491925
-157.66599	21.292381	4.208929	3.5248678
-157.66566	21.292381	4.0161815	3.5578105
-157.66534	21.292381	3.790272	3.590753
-157.66502	21.292381	2.882332	3.6236959
-157.6647	21.292381	2.952409	3.6566384
-157.66438	21.292381	3.0003438	3.6895812
-157.66406	21.292381	2.9383283	3.722524
-157.66376	21.292381	2.0478706	3.7554665
-157.66344	21.292381	2.1245084	3.788409
-157.66312	21.292381	1.7253188	3.8213518
-157.6628	21.292381	0.94249445	3.8542945
-157.66248	21.292381	1.0	3.8872373
-157.66216	21.292381	1.0	3.92018
-157.66185	21.292381	1.0	3.9531229
-157.66153	21.292383	0.98527056	3.9860656
-157.66121	21.292383	1.4543347	4.0190086
-157.66089	21.292383	3.8506746	4.0519514
-157.66057	21.292383	3.640669	4.0848937
-157.66025	21.292383	3.462633	4.1178365
-157.65994	21.292383	3.4392817	4.1507792
-157.65962	21.292383	3.3552618	4.183722
-157.6593	21.292383	3.2168097	4.216665
-157.65898	21.292383	3.0417764	4.2496076
-157.65866	21.292383	2.9056668	4.2825503
-157.65834	21.292383	2.3783708	4.315493
-157.65804	21.292383	1.9672192	4.348436
-157.65771	21.292383	1.5123562	4.381378
-157.6574	21.292383	1.0395745	4.414321
-157.65707	21.292383	0.31007627	4.4472637
-157.65675	21.292383	-3.5407295	4.4802065
-157.65643	21.292383	-3.6422455	4.5131493
-157.65613	21.292385	-4.0001397	4.546092
-157.6558	21.292385	-4.3590393	4.579035
-157.65549	21.292385	-4.7175217	4.6119776
-157.65517	21.292385	-5.087572	4.64492
-157.65485	21.292385	-5.480115	4.6778626
-157.65453	21.292385	-5.8764105	4.710805
-157.65422	21.292385	-6.2928677	4.7437477
-157.6539	21.292385	-6.781544	4.77669
-157.65358	21.292385	-7.4023905	4.809633
-157.65326	21.292385	-8.139057	4.842575
-157.65294	21.292385	-8.895036	4.875518
-157.65262	21.292385	-9.579186	4.9084606
-157.6523	21.292385	-10.198626	4.941403
-157.652	21.292385	-10.779758	4.9743457
-157.65167	21.292385	-11.309099	5.0072885
-157.65135	21.292385	-11.71325	5.0402308
-157.65103	21.292385	-12.010235	5.0731735
-157.65071	21.292385	-12.375254	5.1061163
-157.65039	21.292385	-12.972085	5.139059
-157.65009	21.292387	-13.7941475	5.172002
-157.64977	21.292387	-14.76302	5.2049446
-157.64944	21.292387	-15.836953	5.237887
-157.64912	21.292387	-17.034798	5.2708297
-157.6488	21.292387	-18.361012	5.3037724
-157.64848	21.292387	-19.730831	5.336715
-157.64818	21.292387	-21.09646	5.369658
-157.64786	21.292387	-22.50223	5.402601
-157.64754	21.292387	-23.892746	5.4355435
-157.64722	21.292387	-25.155432	5.468486
-157.6469	21.292387	-26.191502	5.501428
-157.64658	21.292387	-27.08635	5.5343704
-157.64627	21.292387	-28.026844	5.567313
-157.64595	21.292387	-29.175278	5.600256
-157.64563	21.292387	-30.511883	5.6331987
-157.64531	21.292387	-31.892187	5.6661415
-157.64499	21.292387	-33.175915	5.6990843
-157.64467	21.292387	-34.331394	5.732027
-157.64436	21.292387	-35.421852	5.76497
-157.64404	21.292387	-36.470848	5.7979126
-157.64372	21.292387	-37.496468	5.830855
-157.6434	21.292389	-38.492256	5.8637977
-157.64308	21.292389	-39.44562	5.8967404
-157.64276	21.292389	-40.34695	5.929683
-157.64244	21.292389	-41.20156	5.9626255
-157.64214	21.292389	-42.00705	5.9955683
-157.64182	21.292389	-42.74673	6.028511
-157.6415	21.292389	-43.40973	6.0614533
-157.64117	21.292389	-44.00145	6.0943956
-157.64085	21.292389	-44.53065	6.1273384
-157.64053	21.292389	-45.00522	6.160281
-157.64023	21.292389	-45.427174	6.193224
-157.63991	21.292389	-45.79072	6.2261667
-157.63959	21.292389	-46.090973	6.259109
-157.63927	21.292389	-46.30436	6.2920513
-157.63895	21.292389	-46.43677	6.324994
-157.63863	21.292389	-46.543163	6.3579364
-157.63832	21.292389	-46.674026	6.390879
-157.638	21.292389	-46.824707	6.423822
-157.63768	21.292389	-46.97603	6.4567647
-157.63736	21.292389	-47.125328	6.4897075
-157.63704	21.292389	-47.263813	6.5226502
-157.63672	21.292389	-47.39584	6.5555925
-157.63641	21.292389	-47.539944	6.588535
-157.6361	21.292389	-47.720554	6.6214776
-157.63577	21.292389	-47.94841	6.6544204
-157.63545	21.292389	-48.182167	6.687363
-157.63513	21.29239	-48.367287	6.7203054
-157.63481	21.29239	-48.46183	6.7532477
-157.6345	21.29239	-48.503365	6.7861905
-157.63419	21.29239	-48.565384	6.8191333
-157.63387	21.29239	-48.716335	6.852076
-157.63354	21.29239	-48.95271	6.885019
-157.63322	21.29239	-49.203484	6.9179616
-157.6329	21.29239	-49.393986	6.950904
-157.6326	21.29239	-49.482647	6.9838467
-157.63228	21.29239	-49.521828	7.0167894
-157.63196	21.29239	-49.58778	7.0497317
-157.63164	21.29239	-49.74211	7.0826745
-157.63132	21.29239	-49.968323	7.1156173
-157.631	21.29239	-50.209984	7.14856
-157.63068	21.29239	-50.4146	7.181503
-157.63037	21.29239	-50.57041	7.214445
-157.63005	21.29239	-50.705353	7.2473874
-157.62973	21.29239	-50.83655	7.28033
-157.62941	21.29239	-50.9974	7.313273
-157.62909	21.29239	-51.183704	7.3462157
-157.62877	21.29239	-51.328957	7.3791585
-157.62846	21.29239	-51.358997	7.4121013
-157.62814	21.29239	-51.233204	7.445044
-157.62782	21.29239	-51.03213	7.477987
-157.6275	21.29239	-50.873947	7.5109296
-157.62718	21.29239	-50.80053	7.5438724
-157.62686	21.29239	-50.76992	7.5768147
-157.62656	21.29239	-50.795605	7.6097574
-157.62624	21.29239	-50.8866	7.6427
-157.62592	21.29239	-51.018433	7.675643
-157.6256	21.29239	-51.226418	7.7085857
-157.62527	21.29239	-51.581863	7.7415285
-157.62495	21.29239	-52.16315	7.7744713
-157.62465	21.29239	-52.923676	7.807414
-157.62433	21.292393	-53.720993	7.840357
-157.62401	21.292393	-54.444225	7.873299
-157.62369	21.292393	-55.123478	7.906242
-157.62337	21.292393	-55.781082	7.9391847
-157.62305	21.292393	-56.396423	7.9721274
-157.62274	21.292393	-56.90735	8.00507
-157.62242	21.292393	-57.35268	8.0380125
-157.6221	21.292393	-57.879738	8.070955
-157.62178	21.292393	-58.618004	8.103898
-157.62146	21.292393	-59.55466	8.136841
-157.62114	21.292393	-60.575428	8.169784
-157.62082	21.292393	-61.56918	8.202726
-157.62051	21.292393	-62.52526	8.235669
-157.6202	21.292393	-63.48146	8.268612
-157.61987	21.292393	-64.412415	8.301555
-157.61955	21.292393	-65.33285	8.334497
-157.61923	21.292393	-66.26233	8.36744
-157.61891	21.292393	-67.11774	8.400383
-157.6186	21.292393	-67.79641	8.433326
-157.61829	21.292393	-68.25849	8.466269
-157.61797	21.292393	-68.66759	8.499211
-157.61765	21.292393	-67.81094	8.532154
-157.61732	21.292393	-67.678764	8.565097
-157.617	21.292393	-68.05392	8.59804
-157.6167	21.292393	-68.40818	8.630982
-157.61638	21.292393	-68.80998	8.663925
-157.61606	21.292393	-69.130394	8.696868
-157.61574	21.292393	-69.44606	8.729811
-157.61542	21.292393	-69.68806	8.7627535
-157.6151	21.292393	-70.92196	8.795696
-157.61479	21.292393	-71.033844	8.828639
-157.61447	21.292393	-71.09423	8.861582
-157.61415	21.292393	-71.18516	8.894525
-157.61383	21.292393	-71.30636	8.927467
-157.61351	21.292393	-71.44207	8.96041
-157.61319	21.292393	-71.57941	8.993353
-157.61288	21.292393	-71.796165	9.026296
-157.61256	21.292393	-71.83808	9.059238
-157.61224	21.292393	-71.94039	9.092181
-157.61192	21.292393	-71.98839	9.125124
-157.6116	21.292393	-72.002144	9.158067
-157.61128	21.292393	-72.01328	9.1910095
-157.61098	21.292393	-72.02395	9.223952
-157.61066	21.292393	-72.0354	9.256895
-157.61034	21.292393	-72.0467	9.289838
-157.61002	21.292393	-72.05549	9.322781
-157.6097	21.292393	-72.04208	9.355723
-157.60938	21.292393	-71.99061	9.388666
-157.60905	21.292393	-71.96184	9.421609
-157.60875	21.292393	-72.03703	9.454552
-157.60843	21.292393	-72.28884	9.487494
-157.60811	21.292393	-72.64208	9.520437
-157.60779	21.292393	-72.94374	9.55338
-157.60747	21.292393	-73.08065	9.586323
-157.60715	21.292393	-73.08823	9.619266
-157.60684	21.292393	-73.04577	9.652208
-157.60652	21.292393	-73.01628	9.685151
-157.6062	21.292393	-72.974915	9.718094
-157.60588	21.292393	-72.92702	9.751037
-157.60556	21.292393	-72.95906	9.783979
-157.60524	21.292393	-73.11698	9.816922
-157.60493	21.292393	-73.3731	9.849865
-157.60461	21.292393	-73.713295	9.882808
-157.6043	21.292393	-74.14615	9.9157505
-157.60397	21.292393	-74.752174	9.948693
-157.60365	21.292393	-75.42808	9.981636
-157.60333	21.292393	-75.94684	10.014579
-157.60303	21.292393	-76.1349	10.047522
-157.6027	21.292393	-76.08371	10.080464
-157.60239	21.292393	-76.001915	10.113407
-157.60207	21.292393	-76.09054	10.14635
-157.60175	21.292393	-76.37949	10.179293
-157.60143	21.292393	-76.72326	10.212235
-157.60112	21.292393	-76.97949	10.245178
-157.6008	21.292393	-77.04339	10.278121
-157.60048	21.292393	-76.9882	10.311064
-157.60016	21.292393	-76.958	10.344007
-157.59984	21.292393	-77.0572	10.376949
-157.59952	21.292393	-77.242584	10.409892
-157.59921	21.292393	-77.52528	10.442835
-157.59889	21.292393	-77.978806	10.475778
-157.59857	21.292393	-78.761215	10.50872
-157.59825	21.292393	-79.77245	10.541663
-157.59793	21.292393	-80.65548	10.574606
-157.59761	21.292393	-81.10837	10.607549
-157.59729	21.292393	-81.17011	10.6404915
-157.59698	21.292393	-81.06587	10.673434
-157.59666	21.292393	-80.99842	10.706377
-157.59634	21.292393	-81.00228	10.73932
-157.59602	21.292393	-80.99854	10.772263
-157.5957	21.292393	-80.997795	10.805205
-157.59538	21.292393	-80.9866	10.838148
-157.59508	21.292393	-80.95332	10.871091
-157.59476	21.292393	-80.95311	10.904034
-157.59444	21.292393	-81.051125	10.936976
-157.59412	21.292393	-81.253235	10.969919
-157.5938	21.292393	-81.535	11.002862
-157.59348	21.292393	-81.89664	11.035805
-157.59317	21.292393	-82.38523	11.0687475
-157.59285	21.292393	-83.00822	11.10169
-157.59253	21.292393	-83.63505	11.134633
-157.59221	21.292393	-84.130455	11.167576
-157.59189	21.292393	-84.489525	11.200519
-157.59157	21.292393	-84.76607	11.233461
-157.59126	21.292393	-84.96545	11.266404
-157.59094	21.292393	-85.06686	11.299347
-157.59062	21.292393	-85.070076	11.33229
-157.5903	21.292393	-85.03862	11.365232
-157.58998	21.292393	-85.01721	11.398175
-157.58966	21.292393	-84.95292	11.431118
-157.58936	21.292393	-84.90627	11.464061
-157.58904	21.292393	-85.02562	11.497004
-157.58871	21.292393	-85.441185	11.529946
-157.5884	21.292393	-86.07301	11.562889
-157.58807	21.292393	-86.71601	11.595832
-157.58775	21.292393	-87.19189	11.628775
-157.58743	21.292393	-87.51604	11.661717
-157.58713	21.292393	-87.781204	11.69466
-157.5868	21.292393	-88.04645	11.727603
-157.58649	21.292393	-88.32382	11.760546
-157.58617	21.292393	-88.591415	11.7934885
-157.58585	21.292393	-88.86039	11.826431
-157.58553	21.292393	-89.140205	11.859374
-157.58522	21.292393	-89.42922	11.892317
-157.5849	21.292393	-89.72169	11.92526
-157.58458	21.292393	-90.01383	11.958202
-157.58426	21.292393	-90.33298	11.991145
-157.58394	21.292393	-90.66077	12.024088
-157.58362	21.292393	-90.926056	12.057031
-157.58331	21.292393	-91.04683	12.089973
-157.583	21.292393	-91.023445	12.122916
-157.58267	21.292393	-90.980255	12.155859
-157.58235	21.292393	-91.05444	12.188802
-157.58203	21.292393	-91.3149	12.221745
-157.58171	21.292393	-91.65768	12.254687
-157.5814	21.292393	-91.94218	12.28763
-157.58109	21.292393	-92.04938	12.320573
-157.58076	21.292393	-92.018036	12.353516
-157.58044	21.292393	-91.9813	12.386458
-157.58012	21.292393	-92.07145	12.419401
-157.5798	21.292393	-92.34279	12.452344
-157.5795	21.292393	-92.68405	12.485287
-157.57918	21.292393	-92.954445	12.5182295
-157.57886	21.292393	-93.0679	12.551172
-157.57854	21.292393	-93.07752	12.584115
-157.57822	21.292393	-93.0504	12.617058
-157.5779	21.292393	-93.05013	12.650001
-157.57759	21.292393	-93.09638	12.682943
-157.57727	21.292393	-93.12974	12.715886
-157.57695	21.292393	-93.08088	12.748829
-157.57663	21.292393	-92.84473	12.781772
-157.57631	21.292393	-92.47193	12.814714
-157.57599	21.292393	-92.166115	12.847657
-157.57567	21.292393	-92.119255	12.8806
-157.57536	21.29239	-92.33869	12.913543
-157.57504	21.29239	-92.6825	12.9464855
-157.57472	21.29239	-93.01549	12.979428
-157.5744	21.29239	-93.27354	13.012371
-157.57408	21.29239	-93.52295	13.045314
-157.57376	21.29239	-93.83199	13.078257
-157.57346	21.29239	-94.26461	13.111199
-157.57314	21.29239	-94.821266	13.144142
-157.57281	21.29239	-95.43735	13.177085
-157.5725	21.29239	-96.0432	13.210028
-157.57217	21.29239	-96.57071	13.24297
-157.57185	21.29239	-97.085144	13.275913
-157.57155	21.29239	-97.72523	13.308856
-157.57123	21.29239	-98.6358	13.341799
-157.5709	21.29239	-99.809746	13.374742
-157.57059	21.29239	-101.052605	13.407684
-157.57027	21.29239	-102.15986	13.440627
-157.56995	21.29239	-103.106125	13.47357
-157.56964	21.29239	-103.97293	13.506513
-157.56932	21.29239	-104.762184	13.539455
-157.569	21.29239	-105.45872	13.572398
-157.56868	21.29239	-106.05718	13.605341
-157.56836	21.29239	-106.607285	13.638284
-157.56804	21.29239	-107.17363	13.6712265
-157.56773	21.29239	-107.83313	13.704169
-157.56741	21.29239	-108.47321	13.737112
-157.5671	21.29239	-108.89085	13.770055
-157.56677	21.29239	-108.868866	13.802998
-157.56645	21.29239	-108.48913	13.83594
-157.56613	21.29239	-108.09016	13.868883
-157.56581	21.29239	-107.98646	13.901826
-157.5655	21.29239	-108.160286	13.934769
-157.56519	21.29239	-108.49603	13.967711
-157.56487	21.29239	-108.99001	14.000654
-157.56454	21.292389	-109.66168	14.033597
-157.56422	21.292389	-110.508606	14.06654
-157.5639	21.292389	-111.47154	14.099483
-157.5636	21.292389	-112.48861	14.132425
-157.56328	21.292389	-113.548004	14.165368
-157.56296	21.292389	-114.711815	14.198311
-157.56264	21.292389	-116.05252	14.231254
-157.56232	21.292389	-117.59083	14.264196
-157.562	21.292389	-119.298485	14.297139
-157.56169	21.292389	-121.172554	14.330082
-157.56137	21.292389	-123.22731	14.363025
-157.56105	21.292389	-125.48072	14.3959675
-157.56073	21.292389	-127.877464	14.42891
-157.56041	21.292389	-130.34161	14.461853
-157.56009	21.292389	-132.91548	14.494796
-157.55978	21.292389	-135.58978	14.527739
-157.55946	21.292389	-138.21954	14.560681
-157.55914	21.292389	-140.63611	14.593624
-157.55882	21.292389	-142.83424	14.626567
-157.5585	21.292389	-145.07076	14.65951
-157.55818	21.292389	-147.62509	14.692452
-157.55788	21.292389	-150.53008	14.725395
-157.55756	21.292389	-153.6776	14.758338
-157.55724	21.292389	-157.071	14.791281
-157.55692	21.292389	-160.77669	14.8242235
-157.5566	21.292389	-164.81017	14.857166
-157.55627	21.292387	-168.98354	14.890109
-157.55597	21.292387	-173.09444	14.923052
-157.55565	21.292387	-177.11043	14.955995
-157.55533	21.292387	-181.13655	14.988937
-157.55501	21.292387	-185.23515	15.02188
-157.55469	21.292387	-189.46004	15.054823
-157.55437	21.292387	-193.78625	15.087766
-157.55405	21.292387	-198.14929	15.120708
-157.55374	21.292387	-202.48299	15.153651
-157.55342	21.292387	-206.76358	15.186594
-157.5531	21.292387	-211.05496	15.219537
-157.55278	21.292387	-215.44585	15.25248
-157.55246	21.292387	-219.8333	15.285422
-157.55214	21.292387	-224.22131	15.318365
-157.55183	21.292387	-228.94124	15.351308
-157.55151	21.292387	-234.42645	15.384251
-157.5512	21.292387	-240.91512	15.417193
-157.55087	21.292387	-247.69875	15.450136
-157.55055	21.292387	-253.78542	15.483079
-157.55023	21.292387	-258.77487	15.516022
-157.54993	21.292387	-263.10123	15.5489645
-157.5496	21.292385	-267.08258	15.581907
-157.54929	21.292385	-270.90607	15.61485
-157.54897	21.292385	-274.45645	15.647793
-157.54865	21.292385	-277.82224	15.680736
-157.54832	21.292385	-281.22253	15.713678
-157.54802	21.292385	-284.69955	15.746621
-157.5477	21.292385	-288.17136	15.779564
-157.54738	21.292385	-291.64078	15.812507
-157.54706	21.292385	-295.12717	15.845449
-157.54674	21.292385	-298.64127	15.878392
-157.54642	21.292385	-302.12653	15.911335
-157.54611	21.292385	-305.51315	15.944278
-157.54579	21.292385	-308.76587	15.977221
-157.54547	21.292385	-311.9351	16.010162
-157.54515	21.292385	-315.09103	16.043104
-157.54483	21.292385	-318.271	16.076048
-157.54451	21.292385	-321.4521	16.10899
-157.5442	21.292385	-324.63214	16.141933
-157.54388	21.292385	-327.82172	16.174877
-157.54356	21.292383	-331.0514	16.20782
-157.54324	21.292383	-334.28333	16.240763
-157.54292	21.292383	-337.43445	16.273705
-157.5426	21.292383	-340.44193	16.306646
-157.54228	21.292383	-343.33554	16.339588
-157.54198	21.292383	-346.18466	16.37253
-157.54166	21.292383	-349.0579	16.405472
-157.54134	21.292383	-351.97537	16.438416
-157.54102	21.292383	-354.87863	16.471357
-157.5407	21.292383	-357.69852	16.5043
-157.54037	21.292383	-360.40985	16.537243
-157.54007	21.292383	-363.03842	16.570185
-157.53975	21.292383	-365.58307	16.603127
-157.53943	21.292383	-368.05045	16.636068
-157.53911	21.292383	-370.46127	16.66901
-157.53879	21.292383	-372.77408	16.701952
-157.53847	21.292383	-374.9211	16.734894
-157.53816	21.292381	-376.7983	16.767836
-157.53784	21.292381	-378.469	16.800777
-157.53752	21.292381	-380.1533	16.83372
-157.5372	21.292381	-381.9749	16.866661
-157.53688	21.292381	-383.83655	16.899603
-157.53656	21.292381	-385.84482	16.932545
-157.53625	21.292381	-388.2224	16.965487
-157.53593	21.292381	-391.13028	16.998428
-157.53561	21.292381	-394.40988	17.031372
-157.5353	21.292381	-397.75827	17.064316
-157.53497	21.292381	-401.0126	17.097258
-157.53465	21.292381	-404.27734	17.1302
-157.53435	21.292381	-407.48746	17.163141
-157.53403	21.292381	-410.50098	17.196083
-157.5337	21.292381	-413.30225	17.229025
-157.53339	21.292381	-415.9427	17.261967
-157.53307	21.29238	-418.41446	17.294909
-157.53275	21.29238	-420.6914	17.327852
-157.53242	21.29238	-422.76895	17.360794
-157.53212	21.29238	-424.71304	17.393736
-157.5318	21.29238	-426.57516	17.426678
-157.53148	21.29238	-428.21826	17.45962
-157.53116	21.29238	-429.77774	17.492561
-157.53084	21.29238	-431.64877	17.525503
-157.53052	21.29238	-433.9906	17.558445
-157.53021	21.29238	-436.66806	17.591389
-157.52989	21.29238	-439.71695	17.624332
-157.52957	21.29238	-443.23276	17.657274
-157.52925	21.29238	-447.34143	17.690216
-157.52893	21.29238	-451.82602	17.723158
-157.52861	21.29238	-456.29724	17.7561
-157.5283	21.292377	-460.68655	17.789042
-157.52798	21.292377	-465.1179	17.821983
-157.52766	21.292377	-469.40442	17.854925
-157.52734	21.292377	-473.35828	17.887869
-157.52702	21.292377	-476.98322	17.92081
-157.5267	21.292377	-480.3834	17.953753
-157.5264	21.292377	-483.63184	17.986694
-157.52608	21.292377	-486.75275	18.019636
-157.52576	21.292377	-489.71628	18.052578
-157.52544	21.292377	-492.51468	18.08552
-157.52512	21.292377	-495.18808	18.118462
-157.5248	21.292377	-497.7946	18.151403
-157.52449	21.292377	-500.1713	18.184345
-157.52417	21.292377	-502.08194	18.217289
-157.52385	21.292376	-503.30002	18.25023
-157.52353	21.292376	-504.02646	18.283173
-157.52321	21.292376	-504.7169	18.316114
-157.52289	21.292376	-505.69083	18.349056
-157.52258	21.292376	-506.84042	18.381998
-157.52226	21.292376	-508.03796	18.41494
-157.52194	21.292376	-509.22482	18.447882
-157.52162	21.292376	-510.42218	18.480824
-157.5213	21.292376	-511.6297	18.513765
-157.52098	21.292376	-512.7654	18.546707
-157.52066	21.292376	-513.7848	18.579649
-157.52036	21.292376	-514.71326	18.61259
-157.52003	21.292376	-515.556	18.645535
-157.51971	21.292374	-516.3009	18.678478
-157.5194	21.292374	-516.88776	18.71142
-157.51907	21.292374	-517.3857	18.744362
-157.51875	21.292374	-517.9564	18.777304
-157.51845	21.292374	-518.72906	18.810246
-157.51813	21.292374	-519.6483	18.843187
-157.5178	21.292374	-520.5648	18.876131
-157.51749	21.292374	-521.3483	18.909073
-157.51717	21.292374	-522.02594	18.942015
-157.51685	21.292374	-522.6134	18.974957
-157.51654	21.292374	-523.0427	19.007898
-157.51622	21.292374	-523.2385	19.04084
-157.5159	21.292372	-523.2359	19.073782
-157.51558	21.292372	-523.1656	19.106724
-157.51526	21.292372	-523.1415	19.139666
-157.51494	21.292372	-523.1463	19.172607
-157.51463	21.292372	-523.1448	19.20555
-157.51431	21.292372	-523.14355	19.238491
-157.51399	21.292372	-523.144	19.271433
-157.51367	21.292372	-523.1445	19.304375
-157.51335	21.292372	-523.1447	19.337317
-157.51303	21.292372	-523.14435	19.370258
-157.51273	21.292372	-523.14325	19.403202
-157.5124	21.292372	-523.1419	19.436144
-157.51208	21.29237	-523.1411	19.469086
