Longitude	Latitude	Elevation, m	Distance (km)
-157.7	21.407633	-17.493433	0.0
-157.69968	21.407633	-17.819485	0.03291667
-157.69937	21.407633	-18.035168	0.06583347
-157.69905	21.407633	-18.200731	0.09875028
-157.69873	21.407633	-18.348358	0.13166723
-157.69841	21.407635	-18.438274	0.16458403
-157.69809	21.407635	-18.522984	0.19750082
-157.69777	21.407635	-18.714376	0.23041749
-157.69745	21.407635	-19.063145	0.26333416
-157.69714	21.407635	-19.518738	0.29625097
-157.69682	21.407635	-20.029625	0.32916778
-157.6965	21.407635	-20.574934	0.3620846
-157.69618	21.407635	-21.1853	0.3950014
-157.69586	21.407635	-21.810305	0.42791808
-157.69554	21.407635	-22.363144	0.4608349
-157.69524	21.407637	-22.809212	0.49375156
-157.69492	21.407637	-23.19273	0.52666825
-157.6946	21.407637	-23.557936	0.55958503
-157.69427	21.407637	-23.928225	0.5925018
-157.69395	21.407637	-24.288036	0.6254186
-157.69363	21.407637	-24.648115	0.6583354
-157.69333	21.407637	-25.031332	0.69125205
-157.69301	21.407637	-25.454193	0.72416884
-157.69269	21.407637	-25.896095	0.7570855
-157.69237	21.407637	-26.322035	0.79000205
-157.69205	21.407637	-26.69356	0.8229187
-157.69173	21.407639	-27.016834	0.8558357
-157.69142	21.407639	-27.349129	0.88875246
-157.6911	21.407639	-27.74578	0.9216694
-157.69078	21.407639	-28.197552	0.9545864
-157.69046	21.407639	-28.69681	0.98750305
-157.69014	21.407639	-29.277302	1.0204198
-157.68982	21.407639	-29.977024	1.0533367
-157.68951	21.407639	-30.784029	1.0862535
-157.6892	21.407639	-31.635988	1.1191704
-157.68887	21.407639	-32.471764	1.1520873
-157.68855	21.407639	-33.28542	1.1850041
-157.68823	21.40764	-34.111248	1.2179208
-157.68791	21.40764	-34.977814	1.2508374
-157.6876	21.40764	-35.82456	1.2837541
-157.68729	21.40764	-36.658722	1.3166709
-157.68697	21.40764	-37.660618	1.3495876
-157.68665	21.40764	-39.00467	1.382504
-157.68633	21.40764	-40.69867	1.4154207
-157.686	21.40764	-42.62423	1.4483376
-157.68568	21.40764	-44.67515	1.4812543
-157.68538	21.40764	-46.793312	1.5141711
-157.68506	21.40764	-49.031593	1.5470879
-157.68474	21.40764	-51.45084	1.5800048
-157.68442	21.407642	-54.184155	1.6129216
-157.6841	21.407642	-57.32693	1.6458383
-157.68378	21.407642	-60.54962	1.678755
-157.68347	21.407642	-63.40365	1.7116717
-157.68315	21.407642	-65.7955	1.7445884
-157.68283	21.407642	-67.897125	1.777505
-157.68251	21.407642	-69.70541	1.8104218
-157.68219	21.407642	-71.16069	1.8433385
-157.68187	21.407642	-72.224045	1.8762553
-157.68156	21.407642	-73.08144	1.9091722
-157.68124	21.407642	-73.95889	1.942089
-157.68092	21.407642	-74.85403	1.9750059
-157.6806	21.407644	-75.70698	2.0079226
-157.68028	21.407644	-76.60933	2.0408394
-157.67996	21.407644	-77.62159	2.0737562
-157.67966	21.407644	-78.71982	2.106673
-157.67934	21.407644	-79.86334	2.1395898
-157.67902	21.407644	-81.007805	2.1725066
-157.6787	21.407644	-82.06374	2.2054236
-157.67838	21.407644	-83.14366	2.2383406
-157.67805	21.407644	-84.50302	2.2712574
-157.67775	21.407644	-86.06445	2.3041742
-157.67743	21.407644	-87.74185	2.3370905
-157.67711	21.407644	-90.041115	2.3700073
-157.67679	21.407644	-93.38905	2.402924
-157.67647	21.407646	-97.414055	2.435841
-157.67615	21.407646	-102.45892	2.4687579
-157.67584	21.407646	-109.561676	2.5016747
-157.67552	21.407646	-119.66455	2.5345914
-157.6752	21.407646	-132.26251	2.5675085
-157.67488	21.407646	-145.91217	2.6004252
-157.67456	21.407646	-159.53574	2.633342
-157.67424	21.407646	-173.68752	2.6662588
-157.67392	21.407646	-188.01974	2.6991758
-157.67361	21.407646	-201.23781	2.7320926
-157.6733	21.407646	-212.79799	2.7650092
-157.67297	21.407646	-223.24818	2.797926
-157.67265	21.407646	-233.03926	2.830843
-157.67233	21.407648	-242.46573	2.8637598
-157.67201	21.407648	-251.39066	2.8966768
-157.6717	21.407648	-259.86035	2.9295936
-157.67139	21.407648	-268.08755	2.9625103
-157.67107	21.407648	-276.04486	2.9954271
-157.67075	21.407648	-283.69772	3.028344
-157.67043	21.407648	-291.2353	3.0612607
-157.6701	21.407648	-298.7714	3.0941775
-157.6698	21.407648	-306.24826	3.1270943
-157.66948	21.407648	-313.67303	3.1600113
-157.66916	21.407648	-321.09567	3.192928
-157.66884	21.407648	-328.52286	3.2258449
-157.66852	21.407648	-335.93613	3.2587616
-157.6682	21.407648	-343.3361	3.2916784
-157.6679	21.407648	-350.72888	3.3245952
-157.66757	21.40765	-358.1164	3.357512
-157.66725	21.40765	-365.4808	3.390429
-157.66693	21.40765	-372.7934	3.423346
-157.66661	21.40765	-379.9772	3.4562628
-157.66629	21.40765	-387.12378	3.4891798
-157.66599	21.40765	-394.42957	3.5220966
-157.66566	21.40765	-402.1599	3.5550134
-157.66534	21.40765	-410.24966	3.5879302
-157.66502	21.40765	-418.23315	3.620847
-157.6647	21.40765	-425.6458	3.6537638
-157.66438	21.40765	-432.42874	3.6866806
-157.66406	21.40765	-438.85132	3.7195973
-157.66376	21.40765	-445.11337	3.7525141
-157.66344	21.40765	-451.40067	3.785431
-157.66312	21.40765	-457.61368	3.8183477
-157.6628	21.407652	-463.48227	3.8512645
-157.66248	21.407652	-468.7723	3.8841813
-157.66216	21.407652	-473.51764	3.917098
-157.66185	21.407652	-478.99823	3.9500148
-157.66153	21.407652	-465.562	3.9829316
-157.66121	21.407652	-469.63962	4.0158486
-157.66089	21.407652	-474.70132	4.048765
-157.66057	21.407652	-479.5714	4.081682
-157.66025	21.407652	-484.23798	4.1145988
-157.65994	21.407652	-488.6891	4.1475153
-157.65962	21.407652	-492.91278	4.180432
-157.6593	21.407652	-496.94254	4.213349
-157.65898	21.407652	-520.7655	4.2462654
-157.65866	21.407652	-520.5152	4.2791824
-157.65834	21.407652	-521.45734	4.312099
-157.65804	21.407652	-522.2733	4.3450155
-157.65771	21.407652	-522.9609	4.377932
-157.6574	21.407654	-523.6289	4.4108486
-157.65707	21.407654	-524.3833	4.4437656
-157.65675	21.407654	-525.09106	4.4766827
-157.65643	21.407654	-526.12537	4.5095997
-157.65613	21.407654	-527.25775	4.542516
-157.6558	21.407654	-528.5723	4.5754333
-157.65549	21.407654	-530.09357	4.6083503
-157.65517	21.407654	-531.61847	4.641267
-157.65485	21.407654	-532.9248	4.6741834
-157.65453	21.407654	-534.0047	4.7071
-157.65422	21.407654	-534.9355	4.740017
-157.6539	21.407654	-535.6909	4.772934
-157.65358	21.407654	-536.2448	4.805851
-157.65326	21.407654	-536.60376	4.838768
-157.65294	21.407654	-536.8118	4.871685
-157.65262	21.407654	-536.8993	4.904602
-157.6523	21.407654	-536.81177	4.937519
-157.652	21.407654	-536.6106	4.970436
-157.65167	21.407654	-536.4547	5.003353
-157.65135	21.407656	-536.411	5.0362697
-157.65103	21.407656	-536.4212	5.069186
-157.65071	21.407656	-536.46814	5.102103
-157.65039	21.407656	-536.53265	5.1350203
-157.65009	21.407656	-536.59283	5.167937
-157.64977	21.407656	-536.69617	5.2008533
-157.64944	21.407656	-536.91724	5.2337704
-157.64912	21.407656	-537.3294	5.2666874
-157.6488	21.407656	-537.88495	5.299604
-157.64848	21.407656	-538.455	5.3325205
-157.64818	21.407656	-538.9451	5.365437
-157.64786	21.407656	-539.3886	5.3983536
-157.64754	21.407656	-539.7913	5.4312706
-157.64722	21.407656	-540.1155	5.4641876
-157.6469	21.407656	-540.3727	5.4971046
-157.64658	21.407656	-540.56494	5.530021
-157.64627	21.407656	-540.6381	5.562938
-157.64595	21.407656	-540.58997	5.595855
-157.64563	21.407656	-540.4616	5.6287723
-157.64531	21.407656	-540.15015	5.661689
-157.64499	21.407656	-539.50934	5.6946054
-157.64467	21.407658	-538.4581	5.7275224
-157.64436	21.407658	-537.09985	5.7604394
-157.64404	21.407658	-535.5955	5.7933564
-157.64372	21.407658	-533.95917	5.8262734
-157.6434	21.407658	-532.1121	5.85919
-157.64308	21.407658	-530.27026	5.8921065
-157.64276	21.407658	-528.6926	5.925023
-157.64244	21.407658	-527.36224	5.9579396
-157.64214	21.407658	-526.218	5.9908566
-157.64182	21.407658	-525.3646	6.0237737
-157.6415	21.407658	-524.9075	6.0566907
-157.64117	21.407658	-524.81647	6.0896077
-157.64085	21.407658	-524.93134	6.1225243
-157.64053	21.407658	-525.1077	6.1554413
-157.64023	21.407658	-525.38556	6.1883583
-157.63991	21.407658	-525.7676	6.221275
-157.63959	21.407658	-526.14606	6.2541914
-157.63927	21.407658	-526.35724	6.287108
-157.63895	21.407658	-526.4617	6.320025
-157.63863	21.407658	-526.77484	6.352942
-157.63832	21.407658	-527.55695	6.385859
-157.638	21.407658	-528.7141	6.418776
-157.63768	21.407658	-530.2637	6.4516926
-157.63736	21.407658	-532.40765	6.484609
-157.63704	21.40766	-535.2661	6.5175257
-157.63672	21.40766	-538.744	6.5504427
-157.63641	21.40766	-542.68884	6.5833592
-157.6361	21.40766	-546.9907	6.6162763
-157.63577	21.40766	-551.6905	6.6491933
-157.63545	21.40766	-556.7897	6.6821103
-157.63513	21.40766	-562.23413	6.715027
-157.63481	21.40766	-568.0317	6.7479434
-157.6345	21.40766	-574.1907	6.7808604
-157.63419	21.40766	-580.6527	6.813777
-157.63387	21.40766	-587.47296	6.8466935
-157.63354	21.40766	-594.7454	6.87961
-157.63322	21.40766	-602.1659	6.912527
-157.6329	21.40766	-609.33136	6.945444
-157.6326	21.40766	-616.2355	6.978361
-157.63228	21.40766	-622.98895	7.0112777
-157.63196	21.40766	-629.42395	7.0441947
-157.63164	21.40766	-635.54193	7.0771117
-157.63132	21.40766	-641.4299	7.1100287
-157.631	21.40766	-646.8214	7.142946
-157.63068	21.40766	-651.38116	7.175863
-157.63037	21.40766	-654.9578	7.2087793
-157.63005	21.40766	-657.8057	7.241696
-157.62973	21.40766	-660.2562	7.274613
-157.62941	21.40766	-662.4896	7.3075294
-157.62909	21.40766	-664.394	7.340446
-157.62877	21.40766	-665.9118	7.373363
-157.62846	21.40766	-666.9928	7.4062796
-157.62814	21.40766	-667.5365	7.439196
-157.62782	21.40766	-667.6925	7.472113
-157.6275	21.40766	-667.75635	7.50503
-157.62718	21.40766	-667.7986	7.537947
-157.62686	21.407661	-667.72107	7.5708637
-157.62656	21.407661	-667.63916	7.6037807
-157.62624	21.407661	-667.6901	7.636698
-157.62592	21.407661	-667.90967	7.669615
-157.6256	21.407661	-668.1687	7.702532
-157.62527	21.407661	-668.314	7.735449
-157.62495	21.407661	-668.25464	7.768366
-157.62465	21.407661	-668.0637	7.801283
-157.62433	21.407661	-667.8469	7.8341994
-157.62401	21.407661	-667.692	7.867116
-157.62369	21.407661	-667.5884	7.900033
-157.62337	21.407661	-667.4915	7.9329495
-157.62305	21.407661	-667.3743	7.965866
-157.62274	21.407661	-667.1859	7.9987826
-157.62242	21.407661	-666.9616	8.031699
-157.6221	21.407661	-666.8136	8.064616
-157.62178	21.407661	-666.83594	8.097533
-157.62146	21.407661	-667.0149	8.13045
-157.62114	21.407661	-667.2787	8.163366
-157.62082	21.407661	-667.5613	8.196283
-157.62051	21.407661	-667.8359	8.2292
-157.6202	21.407661	-668.14056	8.262117
-157.61987	21.407661	-668.5006	8.295034
-157.61955	21.407661	-669.13257	8.327951
-157.61923	21.407661	-670.115	8.360868
-157.61891	21.407661	-670.8505	8.393785
-157.6186	21.407661	-670.65265	8.4267025
-157.61829	21.407661	-669.3132	8.4596195
-157.61797	21.407661	-667.12976	8.492537
-157.61765	21.407661	-665.955	8.525454
-157.61732	21.407661	-665.4631	8.558371
-157.617	21.407661	-664.8434	8.591288
-157.6167	21.407661	-664.22455	8.624205
-157.61638	21.407661	-663.6126	8.657122
-157.61606	21.407661	-663.01636	8.690039
-157.61574	21.407661	-662.4445	8.722956
-157.61542	21.407661	-662.1148	8.755873
-157.6151	21.407661	-658.49817	8.78879
-157.61479	21.407661	-658.6919	8.821707
-157.61447	21.407661	-659.1668	8.854624
-157.61415	21.407661	-659.7165	8.887541
-157.61383	21.407661	-660.3979	8.920458
-157.61351	21.407661	-661.136	8.953375
-157.61319	21.407661	-661.7634	8.986292
-157.61288	21.407661	-662.22577	9.019209
-157.61256	21.407661	-662.58484	9.052126
-157.61224	21.407661	-662.84216	9.085043
-157.61192	21.407661	-663.0111	9.11796
-157.6116	21.407661	-663.11633	9.150877
-157.61128	21.407661	-663.09845	9.183794
-157.61098	21.407661	-662.866	9.216711
-157.61066	21.407661	-662.37585	9.249628
-157.61034	21.407661	-661.674	9.282545
-157.61002	21.407661	-660.8156	9.315462
-157.6097	21.407661	-659.80334	9.348379
-157.60938	21.407663	-658.59106	9.381296
-157.60905	21.407663	-657.29	9.414213
-157.60875	21.407663	-656.06024	9.44713
-157.60843	21.407663	-654.92035	9.480047
-157.60811	21.407663	-653.81506	9.512964
-157.60779	21.407663	-652.7695	9.545881
-157.60747	21.407663	-651.8128	9.578798
-157.60715	21.407663	-650.9454	9.611715
-157.60684	21.407663	-650.119	9.644632
-157.60652	21.407663	-649.2815	9.677549
-157.6062	21.407663	-648.415	9.710466
-157.60588	21.407663	-647.55225	9.743383
-157.60556	21.407663	-646.72675	9.7763
-157.60524	21.407663	-645.9596	9.809217
-157.60493	21.407663	-645.2398	9.842134
-157.60461	21.407663	-644.55524	9.8750515
-157.6043	21.407663	-643.89746	9.9079685
-157.60397	21.407663	-643.27094	9.940886
-157.60365	21.407663	-642.67316	9.973803
-157.60333	21.407663	-642.0927	10.00672
-157.60303	21.407663	-641.4927	10.039637
-157.6027	21.407663	-640.88135	10.072554
-157.60239	21.407663	-640.3415	10.105471
-157.60207	21.407663	-639.95593	10.138388
-157.60175	21.407663	-639.73376	10.171305
-157.60143	21.407663	-639.6201	10.204222
-157.60112	21.407663	-639.5659	10.237139
-157.6008	21.407663	-639.5401	10.270056
-157.60048	21.407663	-639.56647	10.302973
-157.60016	21.407663	-639.6801	10.33589
-157.59984	21.407663	-639.91907	10.368807
-157.59952	21.407663	-640.2944	10.401724
-157.59921	21.407663	-640.7575	10.434641
-157.59889	21.407663	-641.24713	10.467558
-157.59857	21.407663	-641.76874	10.500475
-157.59825	21.407663	-642.33496	10.533392
-157.59793	21.407663	-642.8906	10.566309
-157.59761	21.407663	-643.4052	10.599226
-157.59729	21.407663	-643.9003	10.632143
-157.59698	21.407663	-644.3557	10.66506
-157.59666	21.407663	-644.72656	10.697977
-157.59634	21.407663	-644.9188	10.730894
-157.59602	21.407663	-645.01227	10.763811
-157.5957	21.407663	-645.23444	10.796728
-157.59538	21.407663	-645.7255	10.829645
-157.59508	21.407663	-646.4206	10.862562
-157.59476	21.407663	-647.20264	10.895479
-157.59444	21.407663	-634.4573	10.928396
-157.59412	21.407663	-634.5014	10.961313
-157.5938	21.407663	-633.8584	10.99423
-157.59348	21.407663	-632.323	11.027147
-157.59317	21.407663	-642.6331	11.060064
-157.59285	21.407663	-644.56384	11.092981
-157.59253	21.407663	-644.3905	11.125898
-157.59221	21.407663	-643.7703	11.158815
-157.59189	21.407663	-642.51776	11.191732
-157.59157	21.407663	-640.85974	11.224649
-157.59126	21.407663	-639.2859	11.257566
-157.59094	21.407663	-638.25336	11.290483
-157.59062	21.407663	-637.5595	11.3234005
-157.5903	21.407661	-636.5485	11.3563175
-157.58998	21.407661	-634.5804	11.389235
-157.58966	21.407661	-631.56885	11.422152
-157.58936	21.407661	-627.9521	11.455069
-157.58904	21.407661	-624.1546	11.487986
-157.58871	21.407661	-620.0961	11.520903
-157.5884	21.407661	-615.6865	11.55382
-157.58807	21.407661	-611.5029	11.586737
-157.58775	21.407661	-608.03064	11.619654
-157.58743	21.407661	-605.1612	11.652571
-157.58713	21.407661	-602.77124	11.685488
-157.5868	21.407661	-600.9184	11.718405
-157.58649	21.407661	-599.7095	11.751322
-157.58617	21.407661	-599.0793	11.784239
-157.58585	21.407661	-598.77966	11.817156
-157.58553	21.407661	-598.6778	11.850073
-157.58522	21.407661	-598.87726	11.88299
-157.5849	21.407661	-599.26636	11.915907
-157.58458	21.407661	-599.6261	11.948824
-157.58426	21.407661	-599.9681	11.981741
-157.58394	21.407661	-600.3393	12.014658
-157.58362	21.407661	-600.60425	12.047575
-157.58331	21.407661	-600.66284	12.080492
-157.583	21.407661	-600.54395	12.113409
-157.58267	21.407661	-600.3173	12.146326
-157.58235	21.407661	-600.0408	12.179243
-157.58203	21.407661	-599.719	12.21216
-157.58171	21.407661	-599.33057	12.245077
-157.5814	21.407661	-598.8841	12.277994
-157.58109	21.407661	-598.34784	12.310911
-157.58076	21.407661	-597.71326	12.343828
-157.58044	21.407661	-597.07794	12.376745
-157.58012	21.407661	-596.547	12.409662
-157.5798	21.407661	-596.14044	12.442579
-157.5795	21.407661	-595.7977	12.475496
-157.57918	21.407661	-595.4727	12.508413
-157.57886	21.407661	-595.1339	12.54133
-157.57854	21.407661	-594.7996	12.574247
-157.57822	21.407661	-594.4991	12.607164
-157.5779	21.407661	-594.2465	12.640081
-157.57759	21.407661	-594.00494	12.672998
-157.57727	21.407661	-593.82385	12.705915
-157.57695	21.407661	-593.8114	12.738832
-157.57663	21.407661	-594.04333	12.7717495
-157.57631	21.407661	-594.4683	12.8046665
-157.57599	21.407661	-594.98596	12.837584
-157.57567	21.407661	-595.53253	12.870501
-157.57536	21.407661	-596.1574	12.903418
-157.57504	21.407661	-596.8089	12.936335
-157.57472	21.407661	-597.3609	12.969252
-157.5744	21.407661	-597.83215	13.002169
-157.57408	21.407661	-598.2442	13.035086
-157.57376	21.407661	-598.4661	13.068003
-157.57346	21.407661	-598.38525	13.10092
-157.57314	21.407661	-598.0148	13.133837
-157.57281	21.40766	-597.4358	13.166754
-157.5725	21.40766	-596.7173	13.199671
-157.57217	21.40766	-595.7376	13.232588
-157.57185	21.40766	-594.563	13.265505
-157.57155	21.40766	-593.55084	13.298422
-157.57123	21.40766	-592.916	13.331339
-157.5709	21.40766	-592.55365	13.364255
-157.57059	21.40766	-592.4436	13.397172
-157.57027	21.40766	-592.63135	13.430089
-157.56995	21.40766	-593.17456	13.463006
-157.56964	21.40766	-594.0083	13.495923
-157.56932	21.40766	-594.9939	13.52884
-157.569	21.40766	-596.00037	13.561757
-157.56868	21.40766	-597.0612	13.594674
-157.56836	21.40766	-598.3467	13.627591
-157.56804	21.40766	-600.0164	13.660508
-157.56773	21.40766	-602.05206	13.693425
-157.56741	21.40766	-604.4207	13.726342
-157.5671	21.40766	-607.18915	13.759259
-157.56677	21.40766	-610.45917	13.792176
-157.56645	21.40766	-614.20276	13.825093
-157.56613	21.40766	-618.2245	13.85801
-157.56581	21.40766	-622.3544	13.890927
-157.5655	21.40766	-626.652	13.923844
-157.56519	21.40766	-631.10535	13.956761
-157.56487	21.40766	-635.5597	13.989678
-157.56454	21.40766	-640.0526	14.022595
-157.56422	21.40766	-644.6134	14.055512
-157.5639	21.40766	-649.0127	14.088429
-157.5636	21.40766	-653.0938	14.121346
-157.56328	21.40766	-656.9741	14.1542635
-157.56296	21.40766	-660.5354	14.1871805
-157.56264	21.407658	-663.4817	14.220097
-157.56232	21.407658	-665.6781	14.253014
-157.562	21.407658	-667.2609	14.28593
-157.56169	21.407658	-668.3788	14.318847
-157.56137	21.407658	-669.0593	14.351764
-157.56105	21.407658	-669.1819	14.384681
-157.56073	21.407658	-669.00073	14.417598
-157.56041	21.407658	-668.91425	14.450515
-157.56009	21.407658	-669.2422	14.483432
-157.55978	21.407658	-669.6677	14.516349
-157.55946	21.407658	-669.55865	14.549266
-157.55914	21.407658	-668.5163	14.582183
-157.55882	21.407658	-666.719	14.6151
-157.5585	21.407658	-664.1049	14.648017
-157.55818	21.407658	-685.69867	14.680934
-157.55788	21.407658	-687.36035	14.713851
-157.55756	21.407658	-689.9645	14.746768
-157.55724	21.407658	-693.37225	14.779685
-157.55692	21.407658	-685.8323	14.812602
-157.5566	21.407658	-685.3448	14.845519
-157.55627	21.407658	-686.7245	14.878436
-157.55597	21.407658	-688.07544	14.911353
-157.55565	21.407658	-689.42084	14.94427
-157.55533	21.407658	-689.5642	14.977187
-157.55501	21.407656	-705.1579	15.010104
-157.55469	21.407656	-711.1092	15.043021
-157.55437	21.407656	-712.86285	15.075938
-157.55405	21.407656	-714.4378	15.108855
-157.55374	21.407656	-719.2199	15.141772
-157.55342	21.407656	-727.01074	15.174689
-157.5531	21.407656	-726.17365	15.207606
-157.55278	21.407656	-725.9282	15.240523
-157.55246	21.407656	-725.60974	15.27344
-157.55214	21.407656	-725.21936	15.306357
-157.55183	21.407656	-724.7709	15.339274
-157.55151	21.407656	-724.2575	15.372191
-157.5512	21.407656	-723.64026	15.405108
-157.55087	21.407656	-722.9952	15.438025
-157.55055	21.407656	-722.4515	15.470942
-157.55023	21.407656	-722.0724	15.503858
-157.54993	21.407656	-721.79645	15.536775
-157.5496	21.407656	-721.55273	15.569692
-157.54929	21.407656	-721.3065	15.602609
-157.54897	21.407656	-721.093	15.635526
-157.54865	21.407656	-720.8643	15.668443
-157.54832	21.407654	-720.53217	15.70136
-157.54802	21.407654	-720.0794	15.734277
-157.5477	21.407654	-719.53937	15.767194
-157.54738	21.407654	-718.9116	15.800111
-157.54706	21.407654	-718.1757	15.833028
-157.54674	21.407654	-717.3192	15.865945
-157.54642	21.407654	-716.4051	15.898862
-157.54611	21.407654	-715.509	15.931779
-157.54579	21.407654	-714.6299	15.964695
-157.54547	21.407654	-713.7477	15.997612
-157.54515	21.407654	-712.8919	16.030529
-157.54483	21.407654	-712.0818	16.063446
-157.54451	21.407654	-711.3096	16.096363
-157.5442	21.407654	-710.5617	16.12928
-157.54388	21.407654	-709.82434	16.162197
-157.54356	21.407654	-709.07776	16.195114
-157.54324	21.407654	-708.3486	16.228031
-157.54292	21.407654	-707.6887	16.260948
-157.5426	21.407654	-707.13995	16.293865
-157.54228	21.407652	-706.6836	16.326782
-157.54198	21.407652	-706.27	16.3597
-157.54166	21.407652	-705.8526	16.392616
-157.54134	21.407652	-705.42786	16.425533
-157.54102	21.407652	-705.0205	16.45845
-157.5407	21.407652	-704.6455	16.491367
-157.54037	21.407652	-704.3197	16.524284
-157.54007	21.407652	-704.0343	16.557201
-157.53975	21.407652	-703.76184	16.590118
-157.53943	21.407652	-703.4791	16.623035
-157.53911	21.407652	-703.191	16.655952
-157.53879	21.407652	-702.9028	16.68887
-157.53847	21.407652	-702.6111	16.721786
-157.53816	21.407652	-702.2725	16.754704
-157.53784	21.407652	-701.907	16.78762
-157.53752	21.407652	-701.6235	16.820538
-157.5372	21.407652	-701.50696	16.853455
-157.53688	21.40765	-701.5375	16.886372
-157.53656	21.40765	-701.68353	16.919289
-157.53625	21.40765	-701.936	16.952206
-157.53593	21.40765	-702.30914	16.985123
-157.53561	21.40765	-702.7965	17.01804
-157.5353	21.40765	-703.3523	17.050957
-157.53497	21.40765	-703.96735	17.083874
-157.53465	21.40765	-704.6674	17.11679
-157.53435	21.40765	-705.3954	17.149708
-157.53403	21.40765	-706.07104	17.182625
-157.5337	21.40765	-706.6725	17.215542
-157.53339	21.40765	-707.24023	17.248459
-157.53307	21.40765	-707.8029	17.281376
-157.53275	21.40765	-708.38586	17.314293
-157.53242	21.40765	-708.98224	17.34721
-157.53212	21.407648	-709.564	17.380127
-157.5318	21.407648	-710.10443	17.413044
-157.53148	21.407648	-710.59894	17.445961
-157.53116	21.407648	-711.0611	17.478878
-157.53084	21.407648	-711.4988	17.511795
-157.53052	21.407648	-711.917	17.544712
-157.53021	21.407648	-712.31287	17.57763
-157.52989	21.407648	-712.68396	17.610546
-157.52957	21.407648	-713.01526	17.643463
-157.52925	21.407648	-713.2565	17.67638
-157.52893	21.407648	-713.48456	17.709297
-157.52861	21.407648	-713.8479	17.742214
-157.5283	21.407648	-714.45447	17.775131
-157.52798	21.407648	-715.23706	17.808048
-157.52766	21.407648	-716.0608	17.840965
-157.52734	21.407646	-716.7943	17.873882
-157.52702	21.407646	-717.4178	17.9068
-157.5267	21.407646	-718.04407	17.939716
-157.5264	21.407646	-718.79517	17.972633
-157.52608	21.407646	-719.73505	18.00555
-157.52576	21.407646	-720.80457	18.038467
-157.52544	21.407646	-721.93066	18.071384
-157.52512	21.407646	-723.08093	18.104301
-157.5248	21.407646	-724.29816	18.137218
-157.52449	21.407646	-725.5166	18.170135
-157.52417	21.407646	-726.6181	18.203053
-157.52385	21.407646	-727.55115	18.23597
-157.52353	21.407646	-728.3774	18.268887
-157.52321	21.407644	-729.1624	18.301804
-157.52289	21.407644	-729.9828	18.33472
-157.52258	21.407644	-730.84406	18.367638
-157.52226	21.407644	-731.6312	18.400555
-157.52194	21.407644	-732.21484	18.433472
-157.52162	21.407644	-732.5508	18.466389
-157.5213	21.407644	-732.7115	18.499306
-157.52098	21.407644	-732.76587	18.532223
-157.52066	21.407644	-732.74133	18.56514
-157.52036	21.407644	-732.6125	18.598057
-157.52003	21.407644	-732.4079	18.630974
-157.51971	21.407644	-732.1575	18.66389
-157.5194	21.407644	-731.78314	18.696808
-157.51907	21.407642	-731.36035	18.729725
-157.51875	21.407642	-731.1075	18.762642
-157.51845	21.407642	-731.2043	18.795559
-157.51813	21.407642	-731.57654	18.828476
-157.5178	21.407642	-732.00696	18.861393
-157.51749	21.407642	-732.28705	18.89431
-157.51717	21.407642	-732.38434	18.927227
-157.51685	21.407642	-732.4292	18.960144
-157.51654	21.407642	-732.53436	18.993061
-157.51622	21.407642	-732.73584	19.025978
-157.5159	21.407642	-732.99255	19.058895
-157.51558	21.407642	-733.32245	19.091812
-157.51526	21.40764	-733.76746	19.12473
-157.51494	21.40764	-734.3737	19.157646
-157.51463	21.40764	-735.037	19.190563
-157.51431	21.40764	-735.59454	19.22348
-157.51399	21.40764	-735.9357	19.256397
-157.51367	21.40764	-736.14746	19.289314
-157.51335	21.40764	-736.38745	19.322231
-157.51303	21.40764	-736.7994	19.355148
-157.51273	21.40764	-737.38306	19.388065
-157.5124	21.40764	-738.01764	19.420982
-157.51208	21.40764	-738.582	19.4539
